MEDIA_ID,MEDIA_NAME,CNT,TIME(2020/04/07 10:25:23.202),TIMETICK(f=10000000),FPOGX,FPOGY,FPOGS,FPOGD,FPOGID,FPOGV,BPOGX,BPOGY,BPOGV,LPOGX,LPOGY,LPOGV,RPOGX,RPOGY,RPOGV,CX,CY,CS,USER,LPCX,LPCY,LPD,LPS,LPV,RPCX,RPCY,RPD,RPS,RPV,BKID,BKDUR,BKPMIN,LPMM,LPMMV,RPMM,RPMMV,DIAL,DIALV,GSR,GSRV,HR,HRV,TTL0,TTL1,TTLV,PIXS,PIXV,AOI,SACCADE_MAG,SACCADE_DIR,
0,NewMedia0,0,0.00000,55311442974,0.51684,0.36704,0.00000,0.00000,1,1,0.51091,0.39128,1,0.36615,0.07685,0,,0.50110,0.43726,1,0.52072,0.34529,1,0.36259,0.51281,14.41748,0.95543,1,0.74853,0.53012,15.19041,0.94783,1,0,0.00000,13,3.69125,1,3.77254,1,0.00000,0,0.00000,0,0.00000,0,1,1,0,0.00000,0,,0.00000,0.00000,
0,NewMedia0,1,0.01636,55311606448,0.51678,0.37213,0.00000,0.01636,1,1,0.51629,0.41285,1,0.36615,0.07685,0,,0.53939,0.41617,1,0.49319,0.40953,1,0.36230,0.51298,14.14427,0.94783,1,0.74846,0.53035,15.49553,0.94022,1,0,0.00000,13,3.72747,1,3.69944,1,0.00000,0,0.00000,0,0.00000,0,1,1,0,0.00000,0,,0.00000,0.00000,
0,NewMedia0,2,0.03314,55311774660,0.51879,0.38433,0.00000,0.03314,1,1,0.53685,0.49416,1,0.36615,0.07685,0,,0.52247,0.48849,1,0.55123,0.49984,1,0.36210,0.51294,14.45442,0.94022,1,0.74823,0.53003,15.61245,0.93262,1,0,0.00000,13,3.72064,1,3.63840,1,0.00000,0,0.00000,0,0.00000,0,1,1,0,0.00000,0,,0.00000,0.00000,
0,NewMedia0,3,0.04968,55311939891,0.52047,0.39522,0.00000,0.04968,1,1,0.53727,0.50408,1,0.36615,0.07685,0,,0.52379,0.49909,1,0.55076,0.50907,1,0.36182,0.51262,13.60237,0.93262,1,0.74790,0.52947,15.09733,0.92501,1,0,0.00000,13,3.76960,1,3.74542,1,0.00000,0,0.00000,0,0.00000,0,1,1,0,0.00000,0,,0.00000,0.00000,
0,NewMedia0,4,0.09076,55312350612,0.52003,0.39913,0.00000,0.09076,1,1,0.51522,0.44220,1,0.36615,0.07685,0,,0.51441,0.39199,1,0.51602,0.49242,1,0.36126,0.51220,14.52673,0.92501,1,0.74740,0.52984,15.54917,0.92501,1,0,0.00000,13,3.49506,1,3.75407,1,0.00000,0,0.00000,0,0.00000,0,1,1,0,0.00000,0,,0.00000,0.00000,
0,NewMedia0,5,0.14349,55312877888,0.52134,0.40304,0.00000,0.14349,1,1,0.53711,0.44990,1,0.36615,0.07685,0,,0.55549,0.45404,1,0.51873,0.44577,1,0.36114,0.51286,14.29047,0.92501,1,0.74728,0.52982,15.47255,0.92501,1,0,0.00000,13,3.73589,1,3.75360,1,0.00000,0,0.00000,0,0.00000,0,1,1,0,0.00000,0,,0.00000,0.00000,
0,NewMedia0,6,0.15778,55313021202,0.52244,0.40527,0.00000,0.15778,1,1,0.53676,0.43434,1,0.36615,0.07685,0,,0.55436,0.44260,1,0.51915,0.42608,1,0.36093,0.51280,14.07107,0.93283,1,0.74723,0.52970,15.59655,0.94043,1,0,0.00000,13,3.72920,1,3.75082,1,0.00000,0,0.00000,0,0.00000,0,1,1,0,0.00000,0,,0.00000,0.00000,
0,NewMedia0,7,0.16895,55313132343,0.52127,0.40644,0.00000,0.16895,1,1,0.50484,0.42276,1,0.36615,0.07685,0,,0.50723,0.38347,1,0.50245,0.46205,1,0.36100,0.51252,14.29263,0.94824,1,0.74713,0.52945,15.53398,0.95585,1,0,0.00000,13,3.65692,1,3.73099,1,0.00000,0,0.00000,0,0.00000,0,1,1,0,0.00000,0,,0.00000,0.00000,
0,NewMedia0,9,0.17242,55313167413,0.51974,0.40387,0.00000,0.17243,1,1,0.51297,0.36730,1,0.37396,0.07500,0,,0.53141,0.34706,1,0.49453,0.38754,1,0.36087,0.51306,14.69980,0.97908,1,0.74695,0.52992,15.73691,0.98668,1,0,0.00000,13,3.69684,1,3.80085,1,0.00000,0,0.00000,0,0.00000,0,1,1,0,0.00000,0,,0.00000,0.00000,
0,NewMedia0,10,0.18213,55313264173,0.51913,0.39984,0.00000,0.18213,1,1,0.50879,0.33136,1,0.38021,0.07407,0,,0.53239,0.29240,1,0.48519,0.37032,1,0.36077,0.51301,14.66079,0.98668,1,0.74677,0.53006,15.63712,0.98668,1,0,0.00000,13,3.66573,1,3.85392,1,0.00000,0,0.00000,0,0.00000,0,1,1,0,0.00000,0,,0.00000,0.00000,
0,NewMedia0,11,0.23547,55313797705,0.51969,0.39483,0.00000,0.23547,1,1,0.52973,0.30462,1,0.38021,0.07407,0,,0.52837,0.27611,1,0.53110,0.33312,1,0.36077,0.51301,14.66079,0.98668,1,0.74699,0.52963,15.42980,0.98668,1,0,0.00000,13,3.66366,1,3.76828,1,0.00000,0,0.00000,0,0.00000,0,1,1,0,0.00000,0,,0.00000,0.00000,
0,NewMedia0,12,0.24188,55313862133,0.51917,0.39012,0.00000,0.24188,1,1,0.50944,0.30053,1,0.38021,0.07407,0,,0.50245,0.28412,1,0.51644,0.31693,1,0.36088,0.51276,14.48413,0.98668,1,0.74703,0.52957,15.43424,0.98668,1,0,0.00000,13,3.63093,1,3.74022,1,0.00000,0,0.00000,0,0.00000,0,1,1,0,0.00000,0,,0.00000,0.00000,
0,NewMedia0,13,0.24677,55313910858,0.51871,0.38557,0.00000,0.24677,1,1,0.50954,0.29475,1,0.38385,0.08889,0,,0.50245,0.28412,1,0.51664,0.30538,1,0.36045,0.51305,14.90504,0.98668,1,0.74659,0.53054,15.92707,0.99537,1,0,0.00000,13,3.64477,1,3.73492,1,0.00000,0,0.00000,0,0.00000,0,1,1,0,0.00000,0,,0.00000,0.00000,
0,NewMedia0,14,0.26300,55314073288,0.51949,0.38335,0.00000,0.26300,1,1,0.53582,0.33658,1,0.38073,0.12037,0,,0.52827,0.34130,1,0.54338,0.33187,1,0.36002,0.51411,14.69875,0.99537,1,0.74630,0.53009,15.76257,1.00406,1,0,0.00000,13,4.02102,1,3.82162,1,0.00000,0,0.00000,0,0.00000,0,1,1,0,0.00000,0,,0.00000,0.00000,
0,NewMedia0,15,0.28381,55314281095,0.51970,0.38161,0.00000,0.28381,1,1,0.52433,0.34347,1,0.37240,0.17130,0,,0.52252,0.35904,1,0.52614,0.32790,1,0.36015,0.51349,14.62712,1.00406,1,0.74645,0.53026,15.56767,1.01275,1,0,0.00000,13,3.92441,1,3.65793,1,0.00000,0,0.00000,0,0.00000,0,1,1,0,0.00000,0,,0.00000,0.00000,
0,NewMedia0,16,0.29608,55314403841,0.51986,0.37997,0.00000,0.29608,1,1,0.52349,0.34211,1,0.37240,0.17130,0,,0.52110,0.34654,1,0.52589,0.33768,1,0.35977,0.51408,14.46609,1.01275,1,0.74628,0.53029,15.73164,1.00515,1,0,0.00000,13,3.79724,1,3.64686,1,0.00000,0,0.00000,0,0.00000,0,1,1,0,0.00000,0,,0.00000,0.00000,
0,NewMedia0,17,0.31274,55314570574,0.51784,0.35243,0.00000,0.29608,1,0,0.51483,0.34948,1,0.36354,0.22500,0,,0.52657,0.32405,1,0.50310,0.37492,1,0.35961,0.51436,14.50386,1.00515,1,0.74611,0.53039,15.77635,0.98885,1,0,0.00000,13,3.86165,1,3.68139,1,0.00000,0,0.00000,0,0.00000,0,1,1,0,0.00000,0,,0.00000,0.00000,
0,NewMedia0,18,0.32855,55314728423,0.52373,0.36162,0.00000,0.29608,1,0,0.52961,0.37081,1,0.36354,0.22500,0,,0.50826,0.33893,1,0.55097,0.40270,1,0.35906,0.51493,14.77415,0.98885,1,0.74593,0.53111,15.77164,0.97256,1,0,0.00000,13,3.92942,1,3.88728,1,0.00000,0,0.00000,0,0.00000,0,1,1,0,0.00000,0,,0.00000,0.00000,
0,NewMedia0,19,0.34485,55314891894,0.52624,0.37410,0.00000,0.29608,1,0,0.53128,0.39907,1,0.36354,0.22500,0,,0.51256,0.37453,1,0.55000,0.42360,1,0.35901,0.51532,15.01494,0.96475,1,0.74585,0.53121,15.59625,0.95606,1,0,0.00000,13,3.81029,1,3.88039,1,0.00000,0,0.00000,0,0.00000,0,1,1,0,0.00000,0,,0.00000,0.00000,
0,NewMedia0,20,0.36133,55315056452,0.52400,0.37957,0.31274,0.04858,2,1,0.51727,0.39597,1,0.36042,0.24815,0,,0.51313,0.39250,1,0.52141,0.39943,1,0.35929,0.51492,14.29616,0.94824,1,0.74585,0.53065,15.82520,0.95585,1,0,0.00000,13,3.74017,1,3.71379,1,0.00000,0,0.00000,0,0.00000,0,1,1,0,0.00000,0,,0.00000,0.00000,
0,NewMedia0,21,0.37769,55315219792,0.52196,0.38823,0.31274,0.06494,2,1,0.51382,0.42288,1,0.36042,0.24815,0,,0.50333,0.37857,1,0.52431,0.46718,1,0.35934,0.51502,14.47567,0.94804,1,0.74572,0.53037,15.46509,0.95564,1,0,0.00000,13,3.72802,1,3.76310,1,0.00000,0,0.00000,0,0.00000,0,1,1,0,0.00000,0,,0.00000,0.00000,
0,NewMedia0,22,0.39484,55315391787,0.52051,0.39229,0.31274,0.08209,2,1,0.51322,0.41257,1,0.36042,0.24815,0,,0.50188,0.36720,1,0.52455,0.45794,1,0.35849,0.51550,14.21487,0.95564,1,0.74566,0.53034,15.35055,0.96324,1,0,0.00000,13,3.82553,1,3.76316,1,0.00000,0,0.00000,0,0.00000,0,1,1,0,0.00000,0,,0.00000,0.00000,
0,NewMedia0,23,0.41058,55315548944,0.51958,0.39320,0.31274,0.09784,2,1,0.51399,0.39869,1,0.36042,0.24815,0,,0.50930,0.41293,1,0.51868,0.38445,1,0.35902,0.51433,13.93333,0.97106,1,0.74535,0.53083,14.88123,0.97106,1,0,0.00000,13,3.46210,1,3.65935,1,0.00000,0,0.00000,0,0.00000,0,1,1,0,0.00000,0,,0.00000,0.00000,
0,NewMedia0,24,0.42712,55315714334,0.51864,0.38832,0.31274,0.11438,2,1,0.51210,0.35418,1,0.36042,0.24815,0,,0.50277,0.34874,1,0.52144,0.35963,1,0.35919,0.51418,13.68753,0.97887,1,0.74540,0.53045,14.40428,0.97887,1,0,0.00000,13,3.45833,1,3.67053,1,0.00000,0,0.00000,0,0.00000,0,1,1,0,0.00000,0,,0.00000,0.00000,
0,NewMedia0,25,0.44348,55315877839,0.51792,0.38453,0.31274,0.13074,2,1,0.51210,0.35418,1,0.36042,0.24815,0,,0.50277,0.34874,1,0.52144,0.35963,1,0.35837,0.51464,13.80233,0.97887,1,0.74524,0.53052,14.36264,0.97887,1,0,0.00000,13,3.59337,1,3.70048,1,0.00000,0,0.00000,0,0.00000,0,1,1,0,0.00000,0,,0.00000,0.00000,
0,NewMedia0,26,0.46027,55316045988,0.51635,0.38570,0.31274,0.14752,2,1,0.50229,0.39627,1,0.36042,0.24815,0,,0.49160,0.36600,1,0.51298,0.42654,1,0.35854,0.51412,13.55570,0.97106,1,0.74542,0.53096,13.96282,0.97106,1,0,0.00000,13,3.66248,1,3.66313,1,0.00000,0,0.00000,0,0.00000,0,1,1,0,0.00000,0,,0.00000,0.00000,
0,NewMedia0,27,0.47650,55316208068,0.51466,0.38618,0.31274,0.16376,2,1,0.49772,0.39089,1,0.36042,0.24815,0,,0.48234,0.35053,1,0.51311,0.43125,1,0.35878,0.51383,13.17014,0.96324,1,0.74521,0.53090,14.10542,0.96324,1,0,0.00000,13,3.66214,1,3.63976,1,0.00000,0,0.00000,0,0.00000,0,1,1,0,0.00000,0,,0.00000,0.00000,
0,NewMedia0,28,0.49286,55316371719,0.51331,0.38746,0.31274,0.18011,2,1,0.49845,0.40158,1,0.36042,0.24815,0,,0.48395,0.36223,1,0.51295,0.44094,1,0.35811,0.51383,12.09486,0.95543,1,0.74427,0.53079,13.96290,0.95543,1,0,0.00000,13,3.71183,1,3.62770,1,0.00000,0,0.00000,0,0.00000,0,1,1,0,0.00000,0,,0.00000,0.00000,
0,NewMedia0,29,0.50922,55316535222,0.50796,0.38365,0.31274,0.19647,2,1,0.44380,0.33792,1,0.36042,0.24815,0,,0.45064,0.27209,1,0.43697,0.40376,1,0.35705,0.51228,11.96671,0.95543,1,0.74298,0.53002,13.43718,0.95543,1,0,0.00000,13,3.97280,1,3.75977,1,0.00000,0,0.00000,0,0.00000,0,1,1,0,0.00000,0,,0.00000,0.00000,
0,NewMedia0,30,0.52557,55316698980,0.50248,0.37639,0.31274,0.21283,2,1,0.43123,0.28200,1,0.36042,0.24815,0,,0.43990,0.25675,1,0.42256,0.30726,1,0.35724,0.51436,12.20987,0.95543,1,0.74290,0.52966,13.42908,0.95543,1,0,0.00000,13,3.58758,1,3.63792,1,0.00000,0,0.00000,0,0.00000,0,1,1,0,0.00000,0,,0.00000,0.00000,
0,NewMedia0,31,0.54358,55316878680,0.49763,0.36893,0.31274,0.23083,2,1,0.42968,0.26455,1,0.36042,0.24815,0,,0.43798,0.24429,1,0.42137,0.28482,1,0.35614,0.51375,12.15035,0.96324,1,0.74099,0.52980,13.15953,0.97193,1,0,0.00000,13,3.70695,1,3.74439,1,0.00000,0,0.00000,0,0.00000,0,1,1,0,0.00000,0,,0.00000,0.00000,
0,NewMedia0,32,0.56073,55317050485,0.49339,0.35928,0.31274,0.24799,2,1,0.42977,0.21447,1,0.36042,0.24815,0,,0.43657,0.18326,1,0.42298,0.24568,1,0.35588,0.51384,11.85172,0.97975,1,0.74133,0.52926,12.72931,0.98844,1,0,0.00000,13,3.69745,1,3.60255,1,0.00000,0,0.00000,0,0.00000,0,1,1,0,0.00000,0,,0.00000,0.00000,
0,NewMedia0,33,0.57703,55317213222,0.48871,0.35115,0.31274,0.26428,2,1,0.41389,0.22101,1,0.36042,0.24815,0,,0.41673,0.16850,1,0.41106,0.27352,1,0.35582,0.51380,11.81862,0.99625,1,0.74127,0.52918,12.57926,1.00494,1,0,0.00000,13,3.69307,1,3.61179,1,0.00000,0,0.00000,0,0.00000,0,1,1,0,0.00000,0,,67.42259,152.50641,
0,NewMedia0,34,0.59326,55317375500,0.46649,0.31915,0.31274,0.26428,2,0,0.41279,0.21400,1,0.36042,0.24815,0,,0.41452,0.15449,1,0.41106,0.27352,1,0.35580,0.51381,11.76975,1.00494,1,0.74150,0.52748,12.04908,1.00494,1,0,0.00000,13,3.66870,1,3.93124,1,0.00000,0,0.00000,0,0.00000,0,1,1,0,0.00000,0,,0.00000,0.00000,
0,NewMedia0,35,0.61011,55317544543,0.43699,0.26098,0.31274,0.26428,2,0,0.40749,0.20282,1,0.36042,0.24815,0,,0.42006,0.12684,1,0.39493,0.27880,1,0.35587,0.51430,11.71542,0.99713,1,0.74188,0.52917,12.52294,0.98844,1,0,0.00000,13,3.64644,1,3.63767,1,0.00000,0,0.00000,0,0.00000,0,1,1,0,0.00000,0,,0.00000,0.00000,
0,NewMedia0,36,0.62610,55317704290,0.42553,0.26365,0.31274,0.26428,2,0,0.40261,0.26898,1,0.36042,0.24815,0,,0.41825,0.20945,1,0.38697,0.32852,1,0.35563,0.51306,11.29791,0.98062,1,0.74194,0.52975,12.41930,0.97193,1,0,0.00000,13,3.96951,1,3.80265,1,0.00000,0,0.00000,0,0.00000,0,1,1,0,0.00000,0,,0.00000,0.00000,
0,NewMedia0,37,0.64264,55317869515,0.42020,0.26814,0.59326,0.04938,3,1,0.40419,0.28160,1,0.36042,0.24815,0,,0.42049,0.22333,1,0.38790,0.33987,1,0.35565,0.51343,11.08437,0.97193,1,0.74178,0.53014,12.93501,0.96324,1,0,0.00000,13,3.89886,1,3.77435,1,0.00000,0,0.00000,0,0.00000,0,1,1,0,0.00000,0,,0.00000,0.00000,
0,NewMedia0,38,0.65894,55318032593,0.42528,0.28052,0.59326,0.06567,3,1,0.44559,0.33004,1,0.36042,0.24815,0,,0.44500,0.33663,1,0.44619,0.32345,1,0.35543,0.51340,10.82041,0.97106,1,0.74155,0.52975,11.99201,0.97106,1,0,0.00000,13,3.70878,1,3.87719,1,0.00000,0,0.00000,0,0.00000,0,1,1,0,0.00000,0,,0.00000,0.00000,
0,NewMedia0,39,0.67548,55318197914,0.42270,0.27842,0.59326,0.08221,3,1,0.40983,0.26796,1,0.36042,0.24815,0,,0.39518,0.17357,1,0.42448,0.36235,1,0.35571,0.51256,10.45335,0.97887,1,0.74154,0.52943,11.82795,0.97887,1,0,0.00000,13,3.88229,1,3.91327,1,0.00000,0,0.00000,0,0.00000,0,1,1,0,0.00000,0,,0.00000,0.00000,
0,NewMedia0,40,0.69214,55318364769,0.42071,0.27600,0.59326,0.09888,3,1,0.40874,0.26146,1,0.36042,0.24815,0,,0.39302,0.16084,1,0.42447,0.36208,1,0.35577,0.51314,10.38104,0.98668,1,0.74153,0.53069,12.15164,0.97908,1,0,0.00000,13,3.74826,1,3.62019,1,0.00000,0,0.00000,0,0.00000,0,1,1,0,0.00000,0,,0.00000,0.00000,
0,NewMedia0,41,0.70819,55318525120,0.42283,0.27306,0.59326,0.11493,3,1,0.43767,0.25245,1,0.36042,0.24815,0,,0.42310,0.22052,1,0.45223,0.28438,1,0.35570,0.51373,10.52885,0.97908,1,0.74126,0.53090,12.42242,0.97147,1,0,0.00000,13,3.62357,1,3.66637,1,0.00000,0,0.00000,0,0.00000,0,1,1,0,0.00000,0,,0.00000,0.00000,
0,NewMedia0,42,0.72742,55318717437,0.42441,0.27479,0.59326,0.13416,3,1,0.43705,0.28867,1,0.36042,0.24815,0,,0.43176,0.25711,1,0.44233,0.32024,1,0.35544,0.51371,10.92032,0.97147,1,0.74125,0.53078,12.44092,0.96387,1,0,0.00000,13,3.57565,1,3.62752,1,0.00000,0,0.00000,0,0.00000,0,1,1,0,0.00000,0,,0.00000,0.00000,
0,NewMedia0,43,0.74139,55318856816,0.42577,0.27678,0.59326,0.14813,3,1,0.43799,0.29463,1,0.36042,0.24815,0,,0.43365,0.26902,1,0.44233,0.32024,1,0.35473,0.51464,10.79204,0.96387,1,0.74074,0.53038,11.42098,0.96387,1,0,0.00000,13,3.55062,1,3.69348,1,0.00000,0,0.00000,0,0.00000,0,1,1,0,0.00000,0,,0.00000,0.00000,
0,NewMedia0,44,0.75751,55319018502,0.42237,0.27622,0.59326,0.16425,3,1,0.38839,0.27061,1,0.36042,0.24815,0,,0.40633,0.23390,1,0.37045,0.30731,1,0.35433,0.51377,10.39414,0.96387,1,0.73967,0.52969,11.85574,0.97147,1,0,0.00000,13,3.64934,1,3.82620,1,0.00000,0,0.00000,0,0.00000,0,1,1,0,0.00000,0,,0.00000,0.00000,
0,NewMedia0,45,0.77411,55319184548,0.42050,0.27165,0.59326,0.18085,3,1,0.39997,0.22142,1,0.36042,0.24815,0,,0.38477,0.20381,1,0.41518,0.23902,1,0.35439,0.51362,10.38693,0.97147,1,0.73991,0.53038,12.45857,0.97908,1,0,0.00000,13,3.62186,1,3.76534,1,0.00000,0,0.00000,0,0.00000,0,1,1,0,0.00000,0,,0.00000,0.00000,
0,NewMedia0,46,0.79065,55319349542,0.41884,0.26731,0.59326,0.19739,3,1,0.39888,0.21531,1,0.36042,0.24815,0,,0.38258,0.19159,1,0.41518,0.23902,1,0.35348,0.51423,10.84269,0.97908,1,0.73944,0.53019,12.35368,0.97908,1,0,0.00000,13,3.55847,1,3.84521,1,0.00000,0,0.00000,0,0.00000,0,1,1,0,0.00000,0,,0.00000,0.00000,
0,NewMedia0,47,0.80676,55319510879,0.41793,0.26361,0.59326,0.21350,3,1,0.40613,0.21550,1,0.36042,0.24815,0,,0.40230,0.19395,1,0.40996,0.23705,1,0.35364,0.51410,10.64298,0.97908,1,0.73944,0.53019,12.35368,0.97147,1,0,0.00000,13,3.52013,1,3.84673,1,0.00000,0,0.00000,0,0.00000,0,1,1,0,0.00000,0,,0.00000,0.00000,
0,NewMedia0,48,0.82391,55319682037,0.41721,0.26473,0.59326,0.23065,3,1,0.40706,0.28036,1,0.36042,0.24815,0,,0.40427,0.21718,1,0.40985,0.34354,1,0.35338,0.51502,10.59125,0.97147,1,0.73944,0.53019,12.35368,0.96387,1,0,0.00000,13,3.66624,1,3.84428,1,0.00000,0,0.00000,0,0.00000,0,1,1,0,0.00000,0,,0.00000,0.00000,
0,NewMedia0,49,0.83990,55319842147,0.41674,0.26711,0.59326,0.24664,3,1,0.40980,0.30277,1,0.36042,0.24815,0,,0.40846,0.24185,1,0.41115,0.36369,1,0.35320,0.51504,10.31947,0.95606,1,0.73939,0.52959,12.27177,0.94845,1,0,0.00000,13,3.66521,1,3.99223,1,0.00000,0,0.00000,0,0.00000,0,1,1,0,0.00000,0,,0.00000,0.00000,
0,NewMedia0,50,0.85608,55320003815,0.41518,0.26834,0.59326,0.26282,3,1,0.39020,0.28804,1,0.36042,0.24815,0,,0.37637,0.26809,1,0.40404,0.30800,1,0.35329,0.51513,10.18187,0.94064,1,0.73932,0.52970,12.43047,0.94064,1,0,0.00000,13,3.80549,1,3.94137,1,0.00000,0,0.00000,0,0.00000,0,1,1,0,0.00000,0,,0.00000,0.00000,
0,NewMedia0,51,0.87262,55320169503,0.41413,0.27103,0.59326,0.27936,3,1,0.39626,0.31681,1,0.36042,0.24815,0,,0.39293,0.29518,1,0.39960,0.33845,1,0.35329,0.51513,10.18187,0.93283,1,0.73892,0.52909,11.97910,0.93283,1,0,0.00000,13,3.80954,1,3.95793,1,0.00000,0,0.00000,0,0.00000,0,1,1,0,0.00000,0,,0.00000,0.00000,
0,NewMedia0,52,0.88898,55320333032,0.41327,0.27404,0.59326,0.29572,3,1,0.39779,0.32827,1,0.36042,0.24815,0,,0.39522,0.30752,1,0.40037,0.34902,1,0.35348,0.51558,10.85145,0.92501,1,0.73872,0.53028,12.08019,0.92501,1,0,0.00000,13,3.68847,1,3.79779,1,0.00000,0,0.00000,0,0.00000,0,1,1,0,0.00000,0,,0.00000,0.00000,
0,NewMedia0,53,0.90546,55320497451,0.41255,0.27315,0.59326,0.31219,3,1,0.39887,0.25610,1,0.36042,0.24815,0,,0.38755,0.22475,1,0.41018,0.28745,1,0.35366,0.51508,10.69924,0.92501,1,0.73914,0.52979,12.14406,0.92501,1,0,0.00000,13,3.64343,1,3.67350,1,0.00000,0,0.00000,0,0.00000,0,1,1,0,0.00000,0,,0.00000,0.00000,
0,NewMedia0,54,0.92218,55320664727,0.41253,0.27414,0.59326,0.32892,3,1,0.41205,0.29405,1,0.36042,0.24815,0,,0.41198,0.28446,1,0.41211,0.30363,1,0.35370,0.51526,10.73882,0.92501,1,0.73914,0.52956,12.05611,0.92501,1,0,0.00000,13,3.58732,1,3.72984,1,0.00000,0,0.00000,0,0.00000,0,1,1,0,0.00000,0,,0.00000,0.00000,
0,NewMedia0,55,0.94202,55320863147,0.41249,0.27480,0.59326,0.34875,3,1,0.41172,0.28870,1,0.36042,0.24815,0,,0.41198,0.28446,1,0.41146,0.29295,1,0.35400,0.51602,11.26317,0.92501,1,0.73926,0.53048,12.85579,0.93262,1,0,0.00000,13,3.60980,1,3.66798,1,0.00000,0,0.00000,0,0.00000,0,1,1,0,0.00000,0,,0.00000,0.00000,
0,NewMedia0,56,0.95471,55320990436,0.41242,0.27501,0.59326,0.36145,3,1,0.41091,0.27953,1,0.36042,0.24815,0,,0.42406,0.25196,1,0.39776,0.30710,1,0.35406,0.51583,11.15114,0.93262,1,0.73945,0.53061,12.70308,0.94022,1,0,0.00000,13,3.60997,1,3.57513,1,0.00000,0,0.00000,0,0.00000,0,1,1,0,0.00000,0,,0.00000,0.00000,
0,NewMedia0,57,0.97119,55321155126,0.41253,0.27328,0.59326,0.37793,3,1,0.41492,0.23357,1,0.36042,0.24815,0,,0.42875,0.22789,1,0.40110,0.23926,1,0.35404,0.51594,11.14547,0.94022,1,0.73918,0.53087,13.11113,0.94783,1,0,0.00000,13,3.62719,1,3.62132,1,0.00000,0,0.00000,0,0.00000,0,1,1,0,0.00000,0,,0.00000,0.00000,
0,NewMedia0,58,0.98761,55321319172,0.41250,0.27049,0.59326,0.39435,3,1,0.41178,0.20355,1,0.36042,0.24815,0,,0.42476,0.20247,1,0.39881,0.20463,1,0.35466,0.51607,11.84372,0.95564,1,0.73924,0.53075,13.09989,0.97193,1,0,0.00000,13,3.73781,1,3.60638,1,0.00000,0,0.00000,0,0.00000,0,1,1,0,0.00000,0,,0.00000,0.00000,
0,NewMedia0,59,1.00409,55321484080,0.41238,0.26727,0.59326,0.41083,3,1,0.40944,0.18676,1,0.36042,0.24815,0,,0.41431,0.16694,1,0.40457,0.20658,1,0.35452,0.51575,11.86804,0.97975,1,0.73996,0.53043,12.67309,0.98844,1,0,0.00000,13,3.62875,1,3.49580,1,0.00000,0,0.00000,0,0.00000,0,1,1,0,0.00000,0,,0.00000,0.00000,
0,NewMedia0,60,1.02051,55321648053,0.41238,0.26397,0.59326,0.42725,3,1,0.41250,0.17817,1,0.36042,0.24815,0,,0.43420,0.17430,1,0.39080,0.18204,1,0.35468,0.51613,12.04396,0.99625,1,0.73984,0.53025,12.78791,1.00494,1,0,0.00000,13,3.71442,1,3.50388,1,0.00000,0,0.00000,0,0.00000,0,1,1,0,0.00000,0,,0.00000,0.00000,
0,NewMedia0,61,1.03699,55321812792,0.41229,0.26002,0.59326,0.44373,3,1,0.40970,0.15324,1,0.36042,0.24815,0,,0.43024,0.14770,1,0.38916,0.15879,1,0.35427,0.51566,11.42019,1.01275,1,0.73964,0.53060,13.31484,1.02144,1,0,0.00000,13,3.67186,1,3.48077,1,0.00000,0,0.00000,0,0.00000,0,1,1,0,0.00000,0,,0.00000,0.00000,
0,NewMedia0,62,1.05548,55321997907,0.41128,0.25713,0.59326,0.46222,3,1,0.38312,0.17626,1,0.36042,0.24815,0,,0.40475,0.14551,1,0.36149,0.20701,1,0.35410,0.51587,11.66710,1.02144,1,0.73966,0.53059,13.26054,1.02144,1,0,0.00000,13,3.64715,1,3.52353,1,0.00000,0,0.00000,0,0.00000,0,1,1,0,0.00000,0,,180.03375,145.66614,
0,NewMedia0,63,1.07251,55322167989,0.40534,0.23003,0.59326,0.46222,3,0,0.39133,0.18222,1,0.36042,0.24815,0,,0.40193,0.17248,1,0.38072,0.19195,1,0.35396,0.51645,11.61258,1.02144,1,0.73959,0.53110,13.08787,1.02144,1,0,0.00000,13,3.90671,1,3.74172,1,0.00000,0,0.00000,0,0.00000,0,1,1,0,0.00000,0,,0.00000,0.00000,
0,NewMedia0,64,1.08636,55322306948,0.39775,0.20255,0.59326,0.46222,3,0,0.39015,0.17507,1,0.36042,0.24815,0,,0.39961,0.15852,1,0.38069,0.19162,1,0.35435,0.51651,12.06106,1.03037,1,0.73898,0.53158,13.92052,1.02168,1,0,0.00000,13,3.94039,1,3.72783,1,0.00000,0,0.00000,0,0.00000,0,1,1,0,0.00000,0,,0.00000,0.00000,
0,NewMedia0,65,1.10260,55322469035,0.40200,0.18756,0.59326,0.46222,3,0,0.41052,0.15758,1,0.36042,0.24815,0,,0.39365,0.17666,1,0.42738,0.13850,1,0.35448,0.51672,12.27807,1.03061,1,0.73887,0.53214,14.10886,1.02192,1,0,0.00000,13,3.87885,1,3.82730,1,0.00000,0,0.00000,0,0.00000,0,1,1,0,0.00000,0,,0.00000,0.00000,
0,NewMedia0,66,1.11725,55322615915,0.41481,0.20245,1.07251,0.04474,4,1,0.45324,0.24714,1,0.36042,0.24815,0,,0.45413,0.21019,1,0.45235,0.28409,1,0.35476,0.51593,12.70279,1.03085,1,0.74028,0.53298,13.78520,1.02216,1,0,0.00000,13,3.98172,1,3.87461,1,0.00000,0,0.00000,0,0.00000,0,1,1,0,0.00000,0,,0.00000,0.00000,
0,NewMedia0,67,1.13361,55322779115,0.42275,0.21484,1.07251,0.06110,4,1,0.45449,0.26438,1,0.36042,0.24815,0,,0.45601,0.22347,1,0.45298,0.30528,1,0.35659,0.51896,13.58300,1.02216,1,0.74122,0.53437,14.13697,1.00586,1,0,0.00000,13,3.63716,1,3.59457,1,0.00000,0,0.00000,0,0.00000,0,1,1,0,0.00000,0,,0.00000,0.00000,
0,NewMedia0,68,1.15143,55322957462,0.43333,0.23888,1.07251,0.07892,4,1,0.48622,0.35906,1,0.36042,0.24815,0,,0.50975,0.39997,1,0.46268,0.31815,1,0.35680,0.51961,12.35719,0.99693,1,0.74135,0.53537,14.03908,0.98933,1,0,0.00000,13,3.62794,1,3.57774,1,0.00000,0,0.00000,0,0.00000,0,1,1,0,0.00000,0,,0.00000,0.00000,
0,NewMedia0,69,1.16925,55323135863,0.44038,0.26123,1.07251,0.09674,4,1,0.48270,0.39539,1,0.36042,0.24815,0,,0.49556,0.43689,1,0.46984,0.35389,1,0.35662,0.51962,12.94626,0.98040,1,0.74121,0.53531,14.36938,0.97280,1,0,0.00000,13,3.63804,1,3.56288,1,0.00000,0,0.00000,0,0.00000,0,1,1,0,0.00000,0,,0.00000,0.00000,
0,NewMedia0,70,1.18317,55323274652,0.44598,0.28147,1.07251,0.11066,4,1,0.48521,0.42311,1,0.36042,0.24815,0,,0.50018,0.47060,1,0.47023,0.37563,1,0.35614,0.51817,12.92355,0.95606,1,0.74116,0.53473,14.32825,0.95606,1,0,0.00000,13,3.49852,1,3.67975,1,0.00000,0,0.00000,0,0.00000,0,1,1,0,0.00000,0,,0.00000,0.00000,
0,NewMedia0,71,1.19971,55323440305,0.45213,0.30065,1.07251,0.12720,4,1,0.50127,0.45412,1,0.36042,0.24815,0,,0.50503,0.40016,1,0.49750,0.50807,1,0.35601,0.51832,13.10011,0.94824,1,0.74103,0.53473,14.80792,0.95585,1,0,0.00000,13,3.46546,1,3.64066,1,0.00000,0,0.00000,0,0.00000,0,1,1,0,0.00000,0,,0.00000,0.00000,
0,NewMedia0,72,1.21582,55323601210,0.45924,0.31633,1.07251,0.14331,4,1,0.52323,0.45739,1,0.36042,0.24815,0,,0.52766,0.43475,1,0.51880,0.48004,1,0.35580,0.51812,12.79831,0.94804,1,0.74112,0.53436,14.37710,0.95564,1,0,0.00000,13,3.59274,1,3.72747,1,0.00000,0,0.00000,0,0.00000,0,1,1,0,0.00000,0,,0.00000,0.00000,
0,NewMedia0,73,1.23254,55323768441,0.46501,0.32824,1.07251,0.16003,4,1,0.52270,0.44735,1,0.36042,0.24815,0,,0.52639,0.42378,1,0.51900,0.47091,1,0.35530,0.51765,13.24312,0.95564,1,0.74049,0.53447,15.16475,0.96324,1,0,0.00000,13,3.63432,1,3.69582,1,0.00000,0,0.00000,0,0.00000,0,1,1,0,0.00000,0,,0.00000,0.00000,
0,NewMedia0,74,1.24866,55323929676,0.46693,0.33705,1.07251,0.17615,4,1,0.48807,0.43402,1,0.36042,0.24815,0,,0.48992,0.42222,1,0.48622,0.44582,1,0.35510,0.51809,13.29759,0.97106,1,0.74036,0.53407,15.29006,0.97106,1,0,0.00000,13,3.59016,1,3.71498,1,0.00000,0,0.00000,0,0.00000,0,1,1,0,0.00000,0,,0.00000,0.00000,
0,NewMedia0,75,1.27606,55324204040,0.46876,0.34458,1.07251,0.20355,4,1,0.49074,0.43485,1,0.36042,0.24815,0,,0.50627,0.37265,1,0.47522,0.49705,1,0.35489,0.51800,13.52982,0.97887,1,0.74027,0.53412,15.48531,0.97887,1,0,0.00000,13,3.68674,1,3.67497,1,0.00000,0,0.00000,0,0.00000,0,1,1,0,0.00000,0,,145.25748,319.44354,
0,NewMedia0,76,1.28333,55324276568,0.48243,0.37577,1.07251,0.20355,4,0,0.49074,0.43485,1,0.36042,0.24815,0,,0.50627,0.37265,1,0.47522,0.49705,1,0.35438,0.51845,14.02634,0.97887,1,0.74014,0.53436,14.88974,0.97887,1,0,0.00000,13,3.48414,1,3.68125,1,0.00000,0,0.00000,0,0.00000,0,1,1,0,0.00000,0,,0.00000,0.00000,
0,NewMedia0,77,1.29810,55324423889,0.49939,0.42277,1.07251,0.20355,4,0,0.51636,0.46978,1,0.36042,0.24815,0,,0.50759,0.42470,1,0.52513,0.51486,1,0.35377,0.51831,14.03933,0.97106,1,0.73979,0.53398,15.32844,0.97106,1,0,0.00000,13,3.47821,1,3.66441,1,0.00000,0,0.00000,0,0.00000,0,1,1,0,0.00000,0,,0.00000,0.00000,
0,NewMedia0,78,1.31427,55324585864,0.49841,0.42792,1.07251,0.20355,4,0,0.49643,0.43822,1,0.36042,0.24815,0,,0.48154,0.38144,1,0.51133,0.49501,1,0.35377,0.51834,14.11533,0.96324,1,0.73967,0.53336,15.68512,0.96324,1,0,0.00000,13,3.50937,1,3.52389,1,0.00000,0,0.00000,0,0.00000,0,1,1,0,0.00000,0,,0.00000,0.00000,
0,NewMedia0,79,1.33087,55324751773,0.49808,0.43419,1.28333,0.04755,5,1,0.49709,0.45298,1,0.36042,0.24815,0,,0.48315,0.39287,1,0.51103,0.51308,1,0.35333,0.51816,14.24837,0.95543,1,0.73897,0.53370,15.44983,0.94783,1,0,0.00000,13,3.53745,1,3.74822,1,0.00000,0,0.00000,0,0.00000,0,1,1,0,0.00000,0,,0.00000,0.00000,
0,NewMedia0,80,1.34705,55324913724,0.49963,0.43974,1.28333,0.06372,5,1,0.50586,0.46197,1,0.36042,0.24815,0,,0.53105,0.42133,1,0.48068,0.50260,1,0.35299,0.51804,14.40833,0.94783,1,0.73913,0.53309,15.92893,0.94022,1,0,0.00000,13,3.51227,1,3.61028,1,0.00000,0,0.00000,0,0.00000,0,1,1,0,0.00000,0,,0.00000,0.00000,
0,NewMedia0,81,1.36340,55325077508,0.50028,0.44511,1.28333,0.08008,5,1,0.50350,0.47197,1,0.36042,0.24815,0,,0.52523,0.43456,1,0.48177,0.50937,1,0.35312,0.51796,14.52237,0.94022,1,0.73913,0.53309,15.92893,0.93262,1,0,0.00000,13,3.59663,1,3.61151,1,0.00000,0,0.00000,0,0.00000,0,1,1,0,0.00000,0,,0.00000,0.00000,
0,NewMedia0,82,1.39172,55325360289,0.50073,0.44827,1.28333,0.10840,5,1,0.50344,0.46717,1,0.36042,0.24815,0,,0.52520,0.43426,1,0.48168,0.50008,1,0.35287,0.51783,14.46425,0.94043,1,0.73904,0.53294,15.95531,0.94043,1,0,0.00000,13,3.61295,1,3.57310,1,0.00000,0,0.00000,0,0.00000,0,1,1,0,0.00000,0,,0.00000,0.00000,
0,NewMedia0,83,1.39642,55325407678,0.49983,0.45044,1.28333,0.11310,5,1,0.49352,0.46568,1,0.36042,0.24815,0,,0.51400,0.47731,1,0.47305,0.45405,1,0.35275,0.51733,14.41569,0.94824,1,0.73888,0.53280,16.31566,0.95585,1,0,0.00000,13,3.67133,1,3.62899,1,0.00000,0,0.00000,0,0.00000,0,1,1,0,0.00000,0,,0.00000,0.00000,
0,NewMedia0,84,1.41333,55325576381,0.49851,0.44900,1.28333,0.13000,5,1,0.48793,0.43747,1,0.36042,0.24815,0,,0.50662,0.44606,1,0.46925,0.42889,1,0.35238,0.51728,14.92019,0.96366,1,0.73878,0.53247,16.34663,0.97126,1,0,0.00000,13,3.65751,1,3.72924,1,0.00000,0,0.00000,0,0.00000,0,1,1,0,0.00000,0,,0.00000,0.00000,
0,NewMedia0,85,1.42950,55325737978,0.49738,0.44732,1.28333,0.14618,5,1,0.48724,0.43215,1,0.36042,0.24815,0,,0.50522,0.43540,1,0.46925,0.42889,1,0.35232,0.51743,14.89435,0.97126,1,0.73853,0.53245,16.50746,0.97126,1,0,0.00000,13,3.69737,1,3.65056,1,0.00000,0,0.00000,0,0.00000,0,1,1,0,0.00000,0,,0.00000,0.00000,
0,NewMedia0,86,1.44550,55325898324,0.49763,0.44978,1.28333,0.16217,5,1,0.50017,0.47440,1,0.36042,0.24815,0,,0.47866,0.47496,1,0.52169,0.47385,1,0.35210,0.51725,14.92704,0.96345,1,0.73836,0.53220,16.58948,0.95585,1,0,0.00000,13,3.67096,1,3.69496,1,0.00000,0,0.00000,0,0.00000,0,1,1,0,0.00000,0,,0.00000,0.00000,
0,NewMedia0,87,1.46210,55326064157,0.49762,0.45656,1.28333,0.17877,5,1,0.49751,0.53115,1,0.36042,0.24815,0,,0.48070,0.50674,1,0.51431,0.55557,1,0.35215,0.51715,14.78230,0.94804,1,0.73767,0.53230,16.39997,0.94043,1,0,0.00000,13,3.73897,1,3.88877,1,0.00000,0,0.00000,0,0.00000,0,1,1,0,0.00000,0,,0.00000,0.00000,
0,NewMedia0,88,1.47870,55326230184,0.49767,0.46302,1.28333,0.19537,5,1,0.49821,0.54062,1,0.36042,0.24815,0,,0.48229,0.51703,1,0.51414,0.56421,1,0.35178,0.51672,14.63872,0.94043,1,0.73791,0.53171,16.42793,0.93283,1,0,0.00000,13,3.74347,1,3.76092,1,0.00000,0,0.00000,0,0.00000,0,1,1,0,0.00000,0,,0.00000,0.00000,
0,NewMedia0,89,1.50342,55326477547,0.49768,0.46694,1.28333,0.22009,5,1,0.49776,0.51789,1,0.36042,0.24815,0,,0.50208,0.52411,1,0.49345,0.51166,1,0.35170,0.51656,14.73149,0.94064,1,0.73783,0.53185,16.31980,0.94064,1,0,0.00000,13,3.65247,1,3.80221,1,0.00000,0,0.00000,0,0.00000,0,1,1,0,0.00000,0,,0.00000,0.00000,
0,NewMedia0,90,1.51190,55326562260,0.49922,0.47587,1.28333,0.22858,5,1,0.52083,0.60086,1,0.36042,0.24815,0,,0.49864,0.62745,1,0.54302,0.57428,1,0.35178,0.51698,14.85586,0.94845,1,0.73770,0.53243,16.85750,0.94845,1,0,0.00000,13,3.65937,1,3.72009,1,0.00000,0,0.00000,0,0.00000,0,1,1,0,0.00000,0,,0.00000,0.00000,
0,NewMedia0,91,1.52808,55326724058,0.50054,0.48311,1.28333,0.24475,5,1,0.52029,0.59172,1,0.36042,0.24815,0,,0.49714,0.61785,1,0.54343,0.56558,1,0.35177,0.51705,14.94894,0.95626,1,0.73756,0.53298,16.68611,0.95626,1,0,0.00000,13,3.77701,1,3.81848,1,0.00000,0,0.00000,0,0.00000,0,1,1,0,0.00000,0,,0.00000,0.00000,
0,NewMedia0,92,1.54443,55326887264,0.50248,0.48550,1.28333,0.26111,5,1,0.53361,0.52364,1,0.36042,0.24815,0,,0.53671,0.54239,1,0.53052,0.50489,1,0.35141,0.51665,15.03463,0.95626,1,0.73771,0.53232,16.90333,0.95626,1,0,0.00000,13,3.71255,1,3.73025,1,0.00000,0,0.00000,0,0.00000,0,1,1,0,0.00000,0,,0.00000,0.00000,
0,NewMedia0,93,1.56085,55327051668,0.50289,0.48699,1.28333,0.27753,5,1,0.50980,0.51242,1,0.36042,0.24815,0,,0.49492,0.53295,1,0.52469,0.49188,1,0.35118,0.51734,15.23656,0.95626,1,0.73752,0.53202,16.98196,0.95626,1,0,0.00000,13,3.63737,1,3.76968,1,0.00000,0,0.00000,0,0.00000,0,1,1,0,0.00000,0,,0.00000,0.00000,
0,NewMedia0,94,1.57715,55327214467,0.50329,0.48861,1.28333,0.29382,5,1,0.51056,0.51769,1,0.36042,0.24815,0,,0.49643,0.54325,1,0.52469,0.49213,1,0.35106,0.51713,15.30957,0.94845,1,0.73744,0.53229,17.22220,0.95606,1,0,0.00000,13,3.66049,1,3.80172,1,0.00000,0,0.00000,0,0.00000,0,1,1,0,0.00000,0,,169.09143,293.08405,
0,NewMedia0,95,1.60718,55327514706,0.50589,0.51669,1.28333,0.29382,5,0,0.50672,0.52034,1,0.36042,0.24815,0,,0.49230,0.56630,1,0.52113,0.47438,1,0.35112,0.51729,15.39268,0.94824,1,0.73753,0.53223,17.21382,0.95585,1,0,0.00000,13,3.67408,1,3.84891,1,0.00000,0,0.00000,0,0.00000,0,1,1,0,0.00000,0,,0.00000,0.00000,
0,NewMedia0,96,1.61304,55327573633,0.51001,0.51548,1.28333,0.29382,5,0,0.51413,0.51427,1,0.36042,0.24815,0,,0.49814,0.52815,1,0.53011,0.50040,1,0.35112,0.51715,15.43487,0.94804,1,0.73752,0.53223,17.29253,0.95564,1,0,0.00000,13,3.68628,1,3.81376,1,0.00000,0,0.00000,0,0.00000,0,1,1,0,0.00000,0,,0.00000,0.00000,
0,NewMedia0,97,1.62653,55327708188,0.51134,0.51666,1.28333,0.29382,5,0,0.51400,0.51902,1,0.36042,0.24815,0,,0.49818,0.52843,1,0.52981,0.50962,1,0.35117,0.51710,15.60687,0.94783,1,0.73788,0.53212,17.25960,0.94783,1,0,0.00000,13,3.67010,1,3.83903,1,0.00000,0,0.00000,0,0.00000,0,1,1,0,0.00000,0,,0.00000,0.00000,
0,NewMedia0,98,1.64288,55327871823,0.51784,0.52517,1.60718,0.03571,6,1,0.53733,0.55068,1,0.36042,0.24815,0,,0.51633,0.57011,1,0.55834,0.53125,1,0.35128,0.51706,15.55335,0.94783,1,0.73800,0.53181,17.44163,0.94022,1,0,0.00000,13,3.69277,1,3.80303,1,0.00000,0,0.00000,0,0.00000,0,1,1,0,0.00000,0,,0.00000,0.00000,
0,NewMedia0,99,1.65930,55328036391,0.51833,0.52797,1.60718,0.05212,6,1,0.52032,0.53916,1,0.36042,0.24815,0,,0.52161,0.55521,1,0.51904,0.52311,1,0.35139,0.51682,15.84731,0.94022,1,0.73823,0.53183,17.37300,0.93262,1,0,0.00000,13,3.63028,1,3.84601,1,0.00000,0,0.00000,0,0.00000,0,1,1,0,0.00000,0,,0.00000,0.00000,
0,NewMedia0,100,1.67554,55328198688,0.51877,0.53067,1.60718,0.06836,6,1,0.52098,0.54419,1,0.36042,0.24815,0,,0.52292,0.56527,1,0.51904,0.52311,1,0.35168,0.51697,15.93431,0.93262,1,0.73844,0.53210,17.17927,0.93262,1,0,0.00000,13,3.65980,1,3.89768,1,0.00000,0,0.00000,0,0.00000,0,1,1,0,0.00000,0,,0.00000,0.00000,
0,NewMedia0,101,1.69202,55328363045,0.51857,0.54146,1.60718,0.08484,6,1,0.51734,0.60619,1,0.36042,0.24815,0,,0.51099,0.63717,1,0.52370,0.57521,1,0.35240,0.51729,15.72045,0.93262,1,0.73863,0.53259,16.97950,0.94022,1,0,0.00000,13,3.65382,1,3.93586,1,0.00000,0,0.00000,0,0.00000,0,1,1,0,0.00000,0,,0.00000,0.00000,
0,NewMedia0,102,1.72083,55328651707,0.52018,0.54382,1.60718,0.11365,6,1,0.53147,0.56035,1,0.36042,0.24815,0,,0.51855,0.60497,1,0.54440,0.51573,1,0.35238,0.51752,15.97994,0.94022,1,0.73915,0.53265,17.50207,0.94783,1,0,0.00000,13,3.67311,1,3.88008,1,0.00000,0,0.00000,0,0.00000,0,1,1,0,0.00000,0,,0.00000,0.00000,
0,NewMedia0,103,1.72711,55328714351,0.52139,0.54462,1.60718,0.11993,6,1,0.53101,0.55105,1,0.36042,0.24815,0,,0.51721,0.59532,1,0.54481,0.50678,1,0.35236,0.51762,15.83558,0.94783,1,0.73926,0.53303,17.45612,0.95543,1,0,0.00000,13,3.64836,1,3.87854,1,0.00000,0,0.00000,0,0.00000,0,1,1,0,0.00000,0,,0.00000,0.00000,
0,NewMedia0,104,1.74133,55328856202,0.52058,0.53861,1.60718,0.13416,6,1,0.51329,0.48449,1,0.36042,0.24815,0,,0.53280,0.45563,1,0.49379,0.51335,1,0.35306,0.51767,16.18640,0.95543,1,0.73960,0.53341,17.33114,0.95543,1,0,0.00000,13,3.71665,1,3.89605,1,0.00000,0,0.00000,0,0.00000,0,1,1,0,0.00000,0,,0.00000,0.00000,
0,NewMedia0,105,1.75824,55329025790,0.52075,0.53416,1.60718,0.15106,6,1,0.52251,0.48965,1,0.36042,0.24815,0,,0.51091,0.45412,1,0.53411,0.52518,1,0.35328,0.51777,16.44396,0.95543,1,0.74022,0.53352,17.44952,0.95543,1,0,0.00000,13,3.63009,1,3.88912,1,0.00000,0,0.00000,0,0.00000,0,1,1,0,0.00000,0,,0.00000,0.00000,
0,NewMedia0,106,1.77435,55329186756,0.52090,0.53045,1.60718,0.16718,6,1,0.52251,0.48965,1,0.36042,0.24815,0,,0.51091,0.45412,1,0.53411,0.52518,1,0.35393,0.51773,16.18662,0.95543,1,0.74039,0.53344,17.41581,0.95543,1,0,0.00000,13,3.63161,1,3.86113,1,0.00000,0,0.00000,0,0.00000,0,1,1,0,0.00000,0,,0.00000,0.00000,
0,NewMedia0,107,1.79083,55329351790,0.52053,0.53011,1.60718,0.18365,6,1,0.51607,0.52597,1,0.36042,0.24815,0,,0.52229,0.49113,1,0.50985,0.56081,1,0.35439,0.51767,16.18640,0.95543,1,0.74112,0.53372,17.55873,0.95543,1,0,0.00000,13,3.71476,1,3.92830,1,0.00000,0,0.00000,0,0.00000,0,1,1,0,0.00000,0,,0.00000,0.00000,
0,NewMedia0,108,1.80725,55329515659,0.52073,0.52671,1.60718,0.20007,6,1,0.52337,0.48262,1,0.36042,0.24815,0,,0.51182,0.47446,1,0.53492,0.49079,1,0.35461,0.51767,16.53848,0.95543,1,0.74149,0.53365,17.75733,0.95543,1,0,0.00000,13,3.70773,1,3.88454,1,0.00000,0,0.00000,0,0.00000,0,1,1,0,0.00000,0,,0.00000,0.00000,
0,NewMedia0,109,1.83356,55329778834,0.52091,0.52378,1.60718,0.22638,6,1,0.52337,0.48262,1,0.36042,0.24815,0,,0.51182,0.47446,1,0.53492,0.49079,1,0.35547,0.51764,16.43894,0.95543,1,0.74191,0.53388,17.52268,0.95543,1,0,0.00000,13,3.68816,1,3.95897,1,0.00000,0,0.00000,0,0.00000,0,1,1,0,0.00000,0,,0.00000,0.00000,
0,NewMedia0,110,1.84113,55329854325,0.52026,0.52245,1.60718,0.23395,6,1,0.51060,0.50256,1,0.36042,0.24815,0,,0.50217,0.48869,1,0.51903,0.51643,1,0.35592,0.51775,16.57192,0.95543,1,0.74258,0.53409,17.46719,0.95543,1,0,0.00000,13,3.72128,1,3.95360,1,0.00000,0,0.00000,0,0.00000,0,1,1,0,0.00000,0,,0.00000,0.00000,
0,NewMedia0,111,1.85657,55330008650,0.51933,0.52259,1.60718,0.24939,6,1,0.50444,0.52485,1,0.36042,0.24815,0,,0.49540,0.51386,1,0.51349,0.53584,1,0.35605,0.51800,16.46791,0.95543,1,0.74309,0.53467,17.85832,0.95543,1,0,0.00000,13,3.62832,1,3.99430,1,0.00000,0,0.00000,0,0.00000,0,1,1,0,0.00000,0,,0.00000,0.00000,
0,NewMedia0,112,1.87299,55330173316,0.51851,0.52272,1.60718,0.26581,6,1,0.50444,0.52485,1,0.36042,0.24815,0,,0.49540,0.51386,1,0.51349,0.53584,1,0.35693,0.51790,16.80352,0.95543,1,0.74351,0.53460,17.90509,0.95543,1,0,0.00000,13,3.68963,1,3.96256,1,0.00000,0,0.00000,0,0.00000,0,1,1,0,0.00000,0,,0.00000,0.00000,
0,NewMedia0,113,1.88910,55330334304,0.51863,0.52151,1.60718,0.28192,6,1,0.52082,0.49979,1,0.36042,0.24815,0,,0.48765,0.48932,1,0.55400,0.51025,1,0.35770,0.51801,16.47311,0.95543,1,0.74458,0.53502,17.82124,0.95543,1,0,0.00000,13,3.62322,1,3.98354,1,0.00000,0,0.00000,0,0.00000,0,1,1,0,0.00000,0,,0.00000,0.00000,
0,NewMedia0,114,1.90570,55330500053,0.51881,0.52145,1.60718,0.29852,6,1,0.52223,0.52042,1,0.36042,0.24815,0,,0.53540,0.50916,1,0.50905,0.53168,1,0.35835,0.51773,16.45822,0.95543,1,0.74492,0.53517,17.99948,0.95543,1,0,0.00000,13,3.70511,1,4.06605,1,0.00000,0,0.00000,0,0.00000,0,1,1,0,0.00000,0,,0.00000,0.00000,
0,NewMedia0,115,1.92468,55330690254,0.51894,0.52094,1.60718,0.31750,6,1,0.52168,0.51066,1,0.36042,0.24815,0,,0.53417,0.49858,1,0.50919,0.52275,1,0.35901,0.51862,16.74541,0.96324,1,0.74566,0.53520,17.95812,0.96324,1,0,0.00000,13,3.76992,1,3.96340,1,0.00000,0,0.00000,0,0.00000,0,1,1,0,0.00000,0,,0.00000,0.00000,
0,NewMedia0,116,1.94855,55330928666,0.51864,0.52234,1.60718,0.34137,6,1,0.51228,0.55165,1,0.36042,0.24815,0,,0.50886,0.53903,1,0.51569,0.56428,1,0.35975,0.51899,16.61011,0.97106,1,0.74648,0.53577,17.68433,0.97106,1,0,0.00000,13,3.72861,1,4.04555,1,0.00000,0,0.00000,0,0.00000,0,1,1,0,0.00000,0,,0.00000,0.00000,
0,NewMedia0,117,1.95538,55330997098,0.51850,0.52297,1.60718,0.34821,6,1,0.51528,0.53694,1,0.36042,0.24815,0,,0.50667,0.55239,1,0.52389,0.52148,1,0.36032,0.51866,16.68661,0.97887,1,0.74691,0.53647,18.16905,0.97887,1,0,0.00000,13,3.80184,1,4.00085,1,0.00000,0,0.00000,0,0.00000,0,1,1,0,0.00000,0,,0.00000,0.00000,
0,NewMedia0,118,1.97174,55331160328,0.51837,0.52335,1.60718,0.36456,6,1,0.51542,0.53203,1,0.36042,0.24815,0,,0.50667,0.55239,1,0.52417,0.51167,1,0.36111,0.51926,16.72935,0.97887,1,0.74737,0.53669,18.12492,0.98756,1,0,0.00000,13,3.77665,1,3.99640,1,0.00000,0,0.00000,0,0.00000,0,1,1,0,0.00000,0,,0.00000,0.00000,
0,NewMedia0,119,1.98779,55331321132,0.51907,0.52360,1.60718,0.38062,6,1,0.53603,0.52970,1,0.36042,0.24815,0,,0.51379,0.50909,1,0.55827,0.55031,1,0.36194,0.51959,16.89941,0.97975,1,0.74862,0.53674,18.06865,0.98844,1,0,0.00000,13,3.71315,1,4.03101,1,0.00000,0,0.00000,0,0.00000,0,1,1,0,0.00000,0,,0.00000,0.00000,
0,NewMedia0,120,2.00427,55331485634,0.51894,0.52230,1.60718,0.39709,6,1,0.51565,0.48975,1,0.36042,0.24815,0,,0.53410,0.48872,1,0.49721,0.49079,1,0.36239,0.51948,16.92748,0.98062,1,0.74908,0.53724,17.90745,0.98931,1,0,0.00000,13,3.76699,1,4.09880,1,0.00000,0,0.00000,0,0.00000,0,1,1,0,0.00000,0,,0.00000,0.00000,
0,NewMedia0,121,2.02069,55331650020,0.51882,0.52140,1.60718,0.41351,6,1,0.51555,0.49798,1,0.36042,0.24815,0,,0.53397,0.48754,1,0.49713,0.50841,1,0.36289,0.51937,16.70317,0.98150,1,0.74963,0.53730,17.90269,0.97390,1,0,0.00000,13,3.76657,1,4.03038,1,0.00000,0,0.00000,0,0.00000,0,1,1,0,0.00000,0,,0.00000,0.00000,
0,NewMedia0,122,2.05200,55331963075,0.51797,0.52000,1.60718,0.44482,6,1,0.49507,0.48226,1,0.36042,0.24815,0,,0.50370,0.46946,1,0.48644,0.49507,1,0.36362,0.51977,16.87694,0.97390,1,0.75030,0.53778,18.05335,0.95760,1,0,0.00000,13,3.67669,1,4.05166,1,0.00000,0,0.00000,0,0.00000,0,1,1,0,0.00000,0,,0.00000,0.00000,
0,NewMedia0,123,2.05402,55331983096,0.51813,0.51974,1.60718,0.44684,6,1,0.52269,0.51236,1,0.36042,0.24815,0,,0.53758,0.50839,1,0.50781,0.51634,1,0.36379,0.51989,16.72278,0.95760,1,0.75055,0.53791,17.98592,0.94131,1,0,0.00000,13,3.69916,1,4.04549,1,0.00000,0,0.00000,0,0.00000,0,1,1,0,0.00000,0,,0.00000,0.00000,
0,NewMedia0,124,2.07013,55332144442,0.51832,0.52003,1.60718,0.46295,6,1,0.52389,0.52849,1,0.36042,0.24815,0,,0.54012,0.53042,1,0.50767,0.52656,1,0.36420,0.52066,17.28223,0.94131,1,0.75092,0.53835,18.44948,0.93262,1,0,0.00000,13,3.79614,1,4.01561,1,0.00000,0,0.00000,0,0.00000,0,1,1,0,0.00000,0,,0.00000,0.00000,
0,NewMedia0,125,2.08649,55332308320,0.51941,0.52115,1.60718,0.47931,6,1,0.55208,0.55485,1,0.36042,0.24815,0,,0.54443,0.58342,1,0.55974,0.52628,1,0.36457,0.52066,17.24197,0.93262,1,0.75135,0.53842,18.00091,0.94022,1,0,0.00000,13,3.84602,1,4.09699,1,0.00000,0,0.00000,0,0.00000,0,1,1,0,0.00000,0,,0.00000,0.00000,
0,NewMedia0,126,2.10297,55332472697,0.51968,0.52191,1.60718,0.49579,6,1,0.52794,0.54531,1,0.36042,0.24815,0,,0.52261,0.56404,1,0.53328,0.52657,1,0.36456,0.52062,17.22691,0.94022,1,0.75146,0.53837,18.27948,0.94783,1,0,0.00000,13,3.82936,1,4.07918,1,0.00000,0,0.00000,0,0.00000,0,1,1,0,0.00000,0,,0.00000,0.00000,
0,NewMedia0,127,2.11920,55332634992,0.51993,0.52259,1.60718,0.51202,6,1,0.52790,0.54443,1,0.36042,0.24815,0,,0.52248,0.56311,1,0.53331,0.52575,1,0.36496,0.52049,17.05692,0.94093,1,0.75190,0.53872,18.45160,0.94854,1,0,0.00000,13,3.86253,1,4.12738,1,0.00000,0,0.00000,0,0.00000,0,1,1,0,0.00000,0,,0.00000,0.00000,
0,NewMedia0,128,2.13824,55332825320,0.51946,0.52282,1.60718,0.53107,6,1,0.50412,0.53053,1,0.36042,0.24815,0,,0.48927,0.55288,1,0.51897,0.50818,1,0.36540,0.52096,17.13387,0.94164,1,0.75220,0.53881,18.47366,0.94164,1,0,0.00000,13,3.78521,1,4.10481,1,0.00000,0,0.00000,0,0.00000,0,1,1,0,0.00000,0,,0.00000,0.00000,
0,NewMedia0,129,2.16693,55333112592,0.51943,0.52487,1.60718,0.55975,6,1,0.51847,0.59440,1,0.36042,0.24815,0,,0.50852,0.61018,1,0.52843,0.57863,1,0.36547,0.52096,17.09704,0.93475,1,0.75226,0.53878,18.54477,0.93475,1,0,0.00000,13,3.77897,1,4.10987,1,0.00000,0,0.00000,0,0.00000,0,1,1,0,0.00000,0,,0.00000,0.00000,
0,NewMedia0,130,2.17126,55333155940,0.51941,0.52680,1.60718,0.56409,6,1,0.51847,0.59440,1,0.36042,0.24815,0,,0.50852,0.61018,1,0.52843,0.57863,1,0.36564,0.52101,17.04953,0.93475,1,0.75249,0.53840,18.39926,0.93475,1,0,0.00000,13,3.81664,1,4.07893,1,0.00000,0,0.00000,0,0.00000,0,1,1,0,0.00000,0,,0.00000,0.00000,
0,NewMedia0,131,2.18518,55333295215,0.51910,0.52661,1.60718,0.57800,6,1,0.50812,0.51992,1,0.36042,0.24815,0,,0.52155,0.54816,1,0.49470,0.49168,1,0.36519,0.52096,16.96894,0.94164,1,0.75199,0.53844,18.66835,0.94164,1,0,0.00000,13,3.76965,1,4.12532,1,0.00000,0,0.00000,0,0.00000,0,1,1,0,0.00000,0,,0.00000,0.00000,
0,NewMedia0,132,2.20129,55333456244,0.51701,0.52478,1.60718,0.59412,6,1,0.43956,0.45683,1,0.36042,0.24815,0,,0.42487,0.45415,1,0.45426,0.45952,1,0.36329,0.52014,17.16953,0.94854,1,0.74985,0.53705,18.35087,0.94854,1,0,0.00000,13,3.87807,1,4.37543,1,0.00000,0,0.00000,0,0.00000,0,1,1,0,0.00000,0,,0.00000,0.00000,
0,NewMedia0,133,2.21796,55333622641,0.51500,0.52281,1.60718,0.61078,6,1,0.43853,0.44784,1,0.36042,0.24815,0,,0.42308,0.44454,1,0.45398,0.45114,1,0.36121,0.51891,17.59413,0.95543,1,0.74748,0.53573,18.77923,0.95543,1,0,0.00000,13,3.90642,1,4.32271,1,0.00000,0,0.00000,0,0.00000,0,1,1,0,0.00000,0,,0.00000,0.00000,
0,NewMedia0,134,2.23431,55333786406,0.50999,0.52086,1.60718,0.62714,6,1,0.31465,0.44478,1,0.36042,0.24815,0,,0.31284,0.45527,1,0.31646,0.43430,1,0.35972,0.51836,17.22210,0.95543,1,0.74519,0.53397,18.81587,0.95543,1,0,0.00000,13,4.17955,1,4.14144,1,0.00000,0,0.00000,0,0.00000,0,1,1,0,0.00000,0,,37.12968,290.27106,
0,NewMedia0,135,2.25647,55334007866,0.47509,0.51758,1.60718,0.62714,6,0,0.32732,0.44922,1,0.36042,0.24815,0,,0.32827,0.47759,1,0.32636,0.42085,1,0.35985,0.51834,17.29228,0.95543,1,0.74539,0.53394,18.82088,0.95543,1,0,0.00000,13,4.20883,1,4.18956,1,0.00000,0,0.00000,0,0.00000,0,1,1,0,0.00000,0,,0.00000,0.00000,
0,NewMedia0,136,2.28210,55334264199,0.40120,0.48340,1.60718,0.62714,6,0,0.32732,0.44922,1,0.36042,0.24815,0,,0.32827,0.47759,1,0.32636,0.42085,1,0.35928,0.51828,17.57136,0.95543,1,0.74524,0.53377,18.96630,0.95543,1,0,0.00000,13,4.08368,1,4.15695,1,0.00000,0,0.00000,0,0.00000,0,1,1,0,0.00000,0,,0.00000,0.00000,
0,NewMedia0,137,2.28729,55334316029,0.38719,0.45840,1.60718,0.62714,6,0,0.35917,0.40841,1,0.36042,0.24815,0,,0.36378,0.41227,1,0.35456,0.40456,1,0.35934,0.51819,17.55608,0.95543,1,0.74549,0.53335,18.16901,0.95543,1,0,0.00000,13,3.95158,1,4.14343,1,0.00000,0,0.00000,0,0.00000,0,1,1,0,0.00000,0,,0.00000,0.00000,
0,NewMedia0,138,2.29999,55334443109,0.33672,0.42002,1.60718,0.62714,6,0,0.32367,0.40242,1,0.36042,0.24815,0,,0.31747,0.42125,1,0.32988,0.38360,1,0.35932,0.51799,17.49707,0.95543,1,0.74563,0.53321,18.49463,0.95543,1,0,0.00000,13,3.98772,1,4.16517,1,0.00000,0,0.00000,0,0.00000,0,1,1,0,0.00000,0,,0.00000,0.00000,
0,NewMedia0,139,2.31665,55334609753,0.33051,0.41361,1.60718,0.62714,6,0,0.32431,0.40721,1,0.36042,0.24815,0,,0.31747,0.42125,1,0.33115,0.39316,1,0.35931,0.51778,17.51303,0.95543,1,0.74582,0.53284,18.09391,0.94783,1,0,0.00000,13,4.05597,1,4.16771,1,0.00000,0,0.00000,0,0.00000,0,1,1,0,0.00000,0,,0.00000,0.00000,
0,NewMedia0,140,2.33276,55334771054,0.32941,0.40897,1.60718,0.62714,6,0,0.32722,0.39968,1,0.36042,0.24815,0,,0.31536,0.42138,1,0.33907,0.37797,1,0.35923,0.51721,17.46704,0.94783,1,0.74601,0.53273,18.04951,0.94022,1,0,0.00000,13,3.90602,1,4.16764,1,0.00000,0,0.00000,0,0.00000,0,1,1,0,0.00000,0,,0.00000,0.00000,
0,NewMedia0,141,2.34912,55334934618,0.32914,0.40506,2.29999,0.04913,7,1,0.32832,0.39333,1,0.36042,0.24815,0,,0.31751,0.38689,1,0.33913,0.39977,1,0.35917,0.51716,17.51085,0.94022,1,0.74595,0.53247,18.07412,0.93262,1,0,0.00000,13,3.90663,1,4.25722,1,0.00000,0,0.00000,0,0.00000,0,1,1,0,0.00000,0,,0.00000,0.00000,
0,NewMedia0,142,2.39142,55335357190,0.32937,0.40478,2.29999,0.09143,7,1,0.33030,0.40368,1,0.36042,0.24815,0,,0.32023,0.39790,1,0.34036,0.40946,1,0.35909,0.51705,17.38631,0.93262,1,0.74614,0.53248,18.37168,0.92501,1,0,0.00000,13,3.90991,1,4.18203,1,0.00000,0,0.00000,0,0.00000,0,1,1,0,0.00000,0,,0.00000,0.00000,
0,NewMedia0,143,2.39331,55335376162,0.32057,0.40944,2.29999,0.09332,7,1,0.27657,0.43273,1,0.36042,0.24815,0,,0.26528,0.38406,1,0.28786,0.48141,1,0.35824,0.51680,17.49862,0.92501,1,0.74477,0.53221,18.37812,0.92501,1,0,0.00000,13,3.97142,1,4.26640,1,0.00000,0,0.00000,0,0.00000,0,1,1,0,0.00000,0,,0.00000,0.00000,
0,NewMedia0,144,2.39923,55335435714,0.30083,0.40127,2.29999,0.09924,7,1,0.18236,0.35225,1,0.36042,0.24815,0,,0.17976,0.30073,1,0.18495,0.40378,1,0.35653,0.51706,17.73290,0.92501,1,0.74198,0.53139,18.38756,0.92501,1,0,0.00000,13,4.28234,1,4.62182,1,0.00000,0,0.00000,0,0.00000,0,1,1,0,0.00000,0,,0.00000,0.00000,
0,NewMedia0,145,2.41510,55335594419,0.28562,0.39380,2.29999,0.11511,7,1,0.17918,0.34148,1,0.36042,0.24815,0,,0.17596,0.28887,1,0.18240,0.39409,1,0.35339,0.51566,17.28169,0.93283,1,0.73916,0.53020,18.23763,0.93283,1,0,0.00000,13,4.34775,1,4.54265,1,0.00000,0,0.00000,0,0.00000,0,1,1,0,0.00000,0,,0.00000,0.00000,
0,NewMedia0,146,2.43127,55335755793,0.26476,0.38776,2.29999,0.13129,7,1,0.09788,0.33946,1,0.36042,0.24815,0,,0.07491,0.29913,1,0.12085,0.37978,1,0.35140,0.51479,17.20224,0.94064,1,0.73739,0.53007,18.86508,0.94064,1,0,0.00000,13,3.97610,1,4.30510,1,0.00000,0,0.00000,0,0.00000,0,1,1,0,0.00000,0,,0.00000,0.00000,
0,NewMedia0,147,2.44781,55335921581,0.24781,0.38063,2.29999,0.14783,7,1,0.09526,0.31645,1,0.36042,0.24815,0,,0.07220,0.28381,1,0.11832,0.34909,1,0.35147,0.51456,17.32425,0.94845,1,0.73749,0.52976,18.54555,0.94845,1,0,0.00000,13,3.94611,1,4.24913,1,0.00000,0,0.00000,0,0.00000,0,1,1,0,0.00000,0,,0.00000,0.00000,
0,NewMedia0,148,2.48358,55336279106,0.23332,0.37291,2.29999,0.18359,7,1,0.08838,0.29573,1,0.36042,0.24815,0,,0.06777,0.27238,1,0.10899,0.31907,1,0.35136,0.51403,17.19615,0.95626,1,0.73770,0.52998,18.67052,0.97256,1,0,0.00000,13,4.07504,1,4.31586,1,0.00000,0,0.00000,0,0.00000,0,1,1,0,0.00000,0,,0.00000,0.00000,
0,NewMedia0,149,2.49463,55336389564,0.22184,0.36511,2.29999,0.19464,7,1,0.09561,0.27933,1,0.36042,0.24815,0,,0.05534,0.19697,1,0.13588,0.36169,1,0.35123,0.51422,17.24714,0.97256,1,0.73783,0.52969,18.60781,0.98885,1,0,0.00000,13,4.11310,1,4.36165,1,0.00000,0,0.00000,0,0.00000,0,1,1,0,0.00000,0,,0.00000,0.00000,
0,NewMedia0,150,2.50037,55336446861,0.21199,0.35901,2.29999,0.20038,7,1,0.09375,0.28572,1,0.36042,0.24815,0,,0.05168,0.24587,1,0.13582,0.32557,1,0.35126,0.51420,17.28478,0.98885,1,0.73776,0.52943,18.64395,1.00515,1,0,0.00000,13,4.10805,1,4.28230,1,0.00000,0,0.00000,0,0.00000,0,1,1,0,0.00000,0,,0.00000,0.00000,
0,NewMedia0,151,2.51361,55336579020,0.20338,0.35335,2.29999,0.21362,7,1,0.09142,0.27977,1,0.36042,0.24815,0,,0.04694,0.23372,1,0.13590,0.32582,1,0.35118,0.51421,16.93151,0.99734,1,0.73787,0.52954,18.45795,1.00494,1,0,0.00000,13,4.13651,1,4.35861,1,0.00000,0,0.00000,0,0.00000,0,1,1,0,0.00000,0,,615.86200,162.91728,
0,NewMedia0,152,2.53033,55336746676,0.16205,0.33500,2.29999,0.21362,7,0,0.08563,0.30010,1,0.36042,0.24815,0,,0.03611,0.28109,1,0.13515,0.31910,1,0.35123,0.51367,16.92988,0.99713,1,0.73791,0.52883,18.27430,0.98844,1,0,0.00000,13,4.25602,1,4.22934,1,0.00000,0,0.00000,0,0.00000,0,1,1,0,0.00000,0,,0.00000,0.00000,
0,NewMedia0,153,2.54645,55336907800,0.11946,0.31860,2.29999,0.21362,7,0,0.07687,0.30219,1,0.36042,0.24815,0,,0.02472,0.26450,1,0.12902,0.33988,1,0.35103,0.51414,16.90919,0.98062,1,0.73791,0.52848,18.48394,0.97193,1,0,0.00000,13,4.18727,1,4.22724,1,0.00000,0,0.00000,0,0.00000,0,1,1,0,0.00000,0,,0.00000,0.00000,
0,NewMedia0,154,2.56287,55337071685,0.10789,0.32042,2.29999,0.21362,7,0,0.08475,0.32408,1,0.36042,0.24815,0,,0.03443,0.28796,1,0.13507,0.36019,1,0.35072,0.51321,16.67584,0.96412,1,0.73758,0.52864,18.39096,0.95543,1,0,0.00000,13,4.31978,1,4.18277,1,0.00000,0,0.00000,0,0.00000,0,1,1,0,0.00000,0,,0.00000,0.00000,
0,NewMedia0,155,2.59216,55337364878,0.10267,0.31571,2.53033,0.06183,8,1,0.08700,0.30156,1,0.36042,0.24815,0,,0.08353,0.29488,1,0.09047,0.30824,1,0.35088,0.51333,16.90183,0.95543,1,0.73757,0.52822,18.03776,0.95543,1,0,0.00000,13,4.19720,1,4.29016,1,0.00000,0,0.00000,0,0.00000,0,1,1,0,0.00000,0,,0.00000,0.00000,
0,NewMedia0,156,2.59625,55337405648,0.09870,0.30882,2.53033,0.06592,8,1,0.08280,0.28129,1,0.36042,0.24815,0,,0.06353,0.27062,1,0.10208,0.29197,1,0.35049,0.51324,16.28092,0.95543,1,0.73708,0.52829,18.39986,0.95543,1,0,0.00000,13,4.23753,1,4.22793,1,0.00000,0,0.00000,0,0.00000,0,1,1,0,0.00000,0,,0.00000,0.00000,
0,NewMedia0,157,2.61475,55337590414,0.09630,0.30505,2.53033,0.08441,8,1,0.08433,0.28620,1,0.36042,0.24815,0,,0.06353,0.27062,1,0.10513,0.30178,1,0.34946,0.51329,16.84649,0.95543,1,0.73610,0.52797,18.06808,0.94783,1,0,0.00000,13,4.27784,1,4.30477,1,0.00000,0,0.00000,0,0.00000,0,1,1,0,0.00000,0,,0.00000,0.00000,
0,NewMedia0,158,2.62854,55337728656,0.08522,0.30710,2.53033,0.09821,8,1,0.01873,0.31938,1,0.36042,0.24815,0,,-0.00410,0.28393,1,0.04156,0.35483,1,0.34820,0.51326,16.79770,0.94783,1,0.73388,0.52757,18.49087,0.94022,1,0,0.00000,13,4.32150,1,4.28426,1,0.00000,0,0.00000,0,0.00000,0,1,1,0,0.00000,0,,0.00000,0.00000,
0,NewMedia0,159,2.64514,55337894291,0.08222,0.31013,2.53033,0.11481,8,1,0.06125,0.33134,1,0.36042,0.24815,0,,0.01720,0.24997,1,0.10531,0.41270,1,0.34761,0.51283,16.81275,0.94022,1,0.73377,0.52735,18.55751,0.93262,1,0,0.00000,13,4.34701,1,4.27449,1,0.00000,0,0.00000,0,0.00000,0,1,1,0,0.00000,0,,0.00000,0.00000,
0,NewMedia0,160,2.66138,55338056710,0.08033,0.31363,2.53033,0.13104,8,1,0.06516,0.34159,1,0.36042,0.24815,0,,0.02190,0.26133,1,0.10841,0.42184,1,0.34683,0.51320,16.80618,0.93262,1,0.73305,0.52732,17.91910,0.92501,1,0,0.00000,13,4.32080,1,4.33798,1,0.00000,0,0.00000,0,0.00000,0,1,1,0,0.00000,0,,0.00000,0.00000,
0,NewMedia0,161,2.67792,55338222113,0.08059,0.31815,2.53033,0.14758,8,1,0.08300,0.35887,1,0.36042,0.24815,0,,0.07249,0.31689,1,0.09351,0.40084,1,0.34571,0.51315,16.38454,0.92501,1,0.73199,0.52679,18.35328,0.92501,1,0,0.00000,13,4.48246,1,4.16602,1,0.00000,0,0.00000,0,0.00000,0,1,1,0,0.00000,0,,0.00000,0.00000,
0,NewMedia0,162,2.70435,55338486399,0.07813,0.32059,2.53033,0.17401,8,1,0.05350,0.34497,1,0.36042,0.24815,0,,0.05388,0.30267,1,0.05312,0.38727,1,0.34554,0.51326,16.79770,0.92501,1,0.73152,0.52665,18.40126,0.92501,1,0,0.00000,13,4.31838,1,4.12165,1,0.00000,0,0.00000,0,0.00000,0,1,1,0,0.00000,0,,0.00000,0.00000,
0,NewMedia0,163,2.72241,55338667127,0.07607,0.32257,2.53033,0.19208,8,1,0.05337,0.34432,1,0.36042,0.24815,0,,0.05801,0.31286,1,0.04874,0.37578,1,0.34431,0.51301,16.37298,0.91812,1,0.73093,0.52676,18.15363,0.93442,1,0,0.00000,13,4.48840,1,4.24296,1,0.00000,0,0.00000,0,0.00000,0,1,1,0,0.00000,0,,0.00000,0.00000,
0,NewMedia0,164,2.72821,55338725389,0.07496,0.32068,2.53033,0.19788,8,1,0.06167,0.29800,1,0.36042,0.24815,0,,0.05620,0.24222,1,0.06713,0.35379,1,0.34399,0.51312,16.38485,0.92752,1,0.72993,0.52658,18.14149,0.94382,1,0,0.00000,13,4.29567,1,4.12755,1,0.00000,0,0.00000,0,0.00000,0,1,1,0,0.00000,0,,0.00000,0.00000,
0,NewMedia0,165,2.74377,55338881174,0.07241,0.31987,2.53033,0.21344,8,1,0.03925,0.30943,1,0.36042,0.24815,0,,0.05400,0.25147,1,0.02449,0.36739,1,0.34308,0.51366,16.32320,0.93692,1,0.72968,0.52668,18.35615,0.95322,1,0,0.00000,13,4.36037,1,4.20895,1,0.00000,0,0.00000,0,0.00000,0,1,1,0,0.00000,0,,0.00000,0.00000,
0,NewMedia0,166,2.76001,55339043067,0.06948,0.31735,2.53033,0.22968,8,1,0.02847,0.28208,1,0.36042,0.24815,0,,0.03987,0.21521,1,0.01707,0.34894,1,0.34292,0.51345,16.73772,0.96103,1,0.72923,0.52667,18.31695,0.96863,1,0,0.00000,13,4.23009,1,4.24071,1,0.00000,0,0.00000,0,0.00000,0,1,1,0,0.00000,0,,0.00000,0.00000,
0,NewMedia0,167,2.77631,55339206149,0.06595,0.31367,2.53033,0.24597,8,1,0.01296,0.25843,1,0.36042,0.24815,0,,0.00178,0.18562,1,0.02413,0.33123,1,0.34189,0.51403,16.59360,0.98334,1,0.72861,0.52657,18.06590,0.97465,1,0,0.00000,13,4.26225,1,4.27831,1,0.00000,0,0.00000,0,0.00000,0,1,1,0,0.00000,0,,0.00000,0.00000,
0,NewMedia0,168,2.79291,55339372098,0.06379,0.30981,2.53033,0.26257,8,1,0.02929,0.24798,1,0.36042,0.24815,0,,-0.00034,0.19213,1,0.05893,0.30383,1,0.34138,0.51361,16.71432,0.98936,1,0.72804,0.52623,17.96339,0.98067,1,0,0.00000,13,4.20376,1,4.23577,1,0.00000,0,0.00000,0,0.00000,0,1,1,0,0.00000,0,,0.00000,0.00000,
0,NewMedia0,169,2.82312,55339674596,0.06202,0.30677,2.53033,0.29279,8,1,0.03187,0.25510,1,0.36042,0.24815,0,,0.00074,0.19476,1,0.06300,0.31544,1,0.34072,0.51392,16.00941,0.98756,1,0.72729,0.52636,18.06894,0.97126,1,0,0.00000,13,4.29089,1,4.13374,1,0.00000,0,0.00000,0,0.00000,0,1,1,0,0.00000,0,,0.00000,0.00000,
0,NewMedia0,170,2.83765,55339819498,0.06129,0.30444,2.53033,0.30731,8,1,0.04814,0.26263,1,0.36042,0.24815,0,,0.03724,0.23180,1,0.05904,0.29346,1,0.34043,0.51420,16.80147,0.96345,1,0.72675,0.52622,17.87185,0.95585,1,0,0.00000,13,4.35724,1,4.23503,1,0.00000,0,0.00000,0,0.00000,0,1,1,0,0.00000,0,,0.00000,0.00000,
0,NewMedia0,171,2.84229,55339865858,0.06165,0.30361,2.53033,0.31195,8,1,0.06845,0.28766,1,0.36042,0.24815,0,,0.05822,0.24114,1,0.07868,0.33418,1,0.34003,0.51335,16.70510,0.94804,1,0.72643,0.52634,18.12639,0.94043,1,0,0.00000,13,4.16991,1,4.16121,1,0.00000,0,0.00000,0,0.00000,0,1,1,0,0.00000,0,,0.00000,0.00000,
0,NewMedia0,172,2.85852,55340028127,0.06234,0.30386,2.53033,0.32819,8,1,0.07624,0.30900,1,0.36042,0.24815,0,,0.06714,0.26433,1,0.08533,0.35366,1,0.33925,0.51380,16.54688,0.93262,1,0.72576,0.52618,17.84466,0.92501,1,0,0.00000,13,4.28177,1,4.22889,1,0.00000,0,0.00000,0,0.00000,0,1,1,0,0.00000,0,,0.00000,0.00000,
0,NewMedia0,173,2.87524,55340195729,0.06191,0.30433,2.53033,0.34491,8,1,0.05284,0.31427,1,0.36042,0.24815,0,,0.04388,0.29316,1,0.06180,0.33537,1,0.33850,0.51400,16.31254,0.92501,1,0.72559,0.52628,17.89627,0.92501,1,0,0.00000,13,4.16528,1,4.34127,1,0.00000,0,0.00000,0,0.00000,0,1,1,0,0.00000,0,,0.00000,0.00000,
0,NewMedia0,174,2.89136,55340356678,0.06264,0.30413,2.53033,0.36102,8,1,0.07879,0.29962,1,0.36042,0.24815,0,,0.05557,0.28039,1,0.10201,0.31884,1,0.33884,0.51337,16.61484,0.92501,1,0.72526,0.52605,17.92609,0.92501,1,0,0.00000,13,4.19949,1,4.32131,1,0.00000,0,0.00000,0,0.00000,0,1,1,0,0.00000,0,,0.00000,0.00000,
0,NewMedia0,175,2.91064,55340549495,0.06309,0.30328,2.53033,0.38031,8,1,0.07328,0.28372,1,0.36042,0.24815,0,,0.05092,0.26869,1,0.09564,0.29875,1,0.33953,0.51231,16.95720,0.93283,1,0.72628,0.52628,18.65081,0.94043,1,0,0.00000,13,4.44041,1,4.30723,1,0.00000,0,0.00000,0,0.00000,0,1,1,0,0.00000,0,,0.00000,0.00000,
0,NewMedia0,176,2.92725,55340715456,0.07029,0.29974,2.53033,0.39691,8,1,0.24320,0.21474,1,0.36042,0.24815,0,,0.24212,0.18905,1,0.24427,0.24043,1,0.34353,0.51388,17.60524,0.94824,1,0.73034,0.52505,18.57833,0.95585,1,0,0.00000,13,4.25142,1,4.32115,1,0.00000,0,0.00000,0,0.00000,0,1,1,0,0.00000,0,,262.01007,167.23343,
0,NewMedia0,177,2.95142,55340957312,0.08171,0.27082,2.53033,0.39691,8,0,0.23706,0.23461,1,0.36042,0.24815,0,,0.23629,0.23670,1,0.23783,0.23252,1,0.34352,0.51328,17.27642,0.96366,1,0.73024,0.52500,18.65630,0.97126,1,0,0.00000,13,4.34522,1,4.28575,1,0.00000,0,0.00000,0,0.00000,0,1,1,0,0.00000,0,,0.00000,0.00000,
0,NewMedia0,178,2.95929,55341035871,0.15859,0.24979,2.53033,0.39691,8,0,0.23547,0.22876,1,0.36042,0.24815,0,,0.23312,0.22500,1,0.23783,0.23252,1,0.34476,0.51280,16.99822,0.97126,1,0.73161,0.52530,17.83973,0.97126,1,0,0.00000,13,4.29188,1,4.30935,1,0.00000,0,0.00000,0,0.00000,0,1,1,0,0.00000,0,,0.00000,0.00000,
0,NewMedia0,179,2.97339,55341176778,0.18565,0.26195,2.53033,0.39691,8,0,0.23976,0.28626,1,0.36042,0.24815,0,,0.24425,0.23953,1,0.23528,0.33299,1,0.34438,0.51270,16.58629,0.96345,1,0.73135,0.52495,17.98185,0.95585,1,0,0.00000,13,4.27724,1,4.20393,1,0.00000,0,0.00000,0,0.00000,0,1,1,0,0.00000,0,,0.00000,0.00000,
0,NewMedia0,180,2.98999,55341343264,0.23854,0.26105,2.53033,0.39691,8,0,0.24037,0.26813,1,0.36042,0.24815,0,,0.25220,0.25450,1,0.22854,0.28177,1,0.34447,0.51248,16.66539,0.94804,1,0.73127,0.52504,18.02237,0.94043,1,0,0.00000,13,4.22265,1,4.21911,1,0.00000,0,0.00000,0,0.00000,0,1,1,0,0.00000,0,,0.00000,0.00000,
0,NewMedia0,181,3.00629,55341506240,0.24098,0.27028,2.53033,0.39691,8,0,0.24342,0.27951,1,0.36042,0.24815,0,,0.25854,0.27844,1,0.22830,0.28058,1,0.34447,0.51248,16.66539,0.93262,1,0.73112,0.52487,18.16429,0.94131,1,0,0.00000,13,4.22429,1,4.21982,1,0.00000,0,0.00000,0,0.00000,0,1,1,0,0.00000,0,,0.00000,0.00000,
0,NewMedia0,182,3.03040,55341747333,0.24840,0.26739,2.53033,0.39691,8,0,0.26324,0.26161,1,0.36042,0.24815,0,,0.25666,0.26250,1,0.26982,0.26072,1,0.34427,0.51284,16.67691,0.94131,1,0.73104,0.52505,18.22926,0.95760,1,0,0.00000,13,4.30866,1,4.21756,1,0.00000,0,0.00000,0,0.00000,0,1,1,0,0.00000,0,,0.00000,0.00000,
0,NewMedia0,183,3.05255,55341968497,0.24388,0.23733,2.98999,0.06256,9,1,0.23034,0.14714,1,0.36042,0.24815,0,,0.23651,0.10160,1,0.22416,0.19268,1,0.34452,0.51256,16.66946,0.95760,1,0.73102,0.52510,18.24338,0.97390,1,0,0.00000,13,4.24009,1,4.22115,1,0.00000,0,0.00000,0,0.00000,0,1,1,0,0.00000,0,,0.00000,0.00000,
0,NewMedia0,184,3.05914,55342034327,0.23976,0.21308,2.98999,0.06915,9,1,0.22325,0.11609,1,0.36042,0.24815,0,,0.22650,0.06102,1,0.22001,0.17117,1,0.34448,0.51242,16.89068,0.98171,1,0.73099,0.52510,18.16363,0.98932,1,0,0.00000,13,4.25011,1,4.21477,1,0.00000,0,0.00000,0,0.00000,0,1,1,0,0.00000,0,,0.00000,0.00000,
0,NewMedia0,185,3.07214,55342164314,0.24112,0.20023,2.98999,0.08215,9,1,0.24796,0.13599,1,0.36042,0.24815,0,,0.22955,0.08104,1,0.26637,0.19094,1,0.34458,0.51265,17.15792,0.99713,1,0.73117,0.52554,18.06953,0.98844,1,0,0.00000,13,4.20757,1,4.24517,1,0.00000,0,0.00000,0,0.00000,0,1,1,0,0.00000,0,,0.00000,0.00000,
0,NewMedia0,186,3.08850,55342327891,0.24077,0.19643,2.98999,0.09851,9,1,0.23862,0.17360,1,0.36042,0.24815,0,,0.22611,0.11452,1,0.25112,0.23268,1,0.34477,0.51273,17.19863,0.99625,1,0.73117,0.52568,18.24330,0.98756,1,0,0.00000,13,4.24544,1,4.18705,1,0.00000,0,0.00000,0,0.00000,0,1,1,0,0.00000,0,,0.00000,0.00000,
0,NewMedia0,187,3.10486,55342491879,0.24096,0.19582,2.98999,0.11487,9,1,0.24235,0.19155,1,0.36042,0.24815,0,,0.22967,0.12847,1,0.25502,0.25462,1,0.34482,0.51355,17.55764,0.98756,1,0.73128,0.52620,18.52025,0.97126,1,0,0.00000,13,4.15998,1,4.16085,1,0.00000,0,0.00000,0,0.00000,0,1,1,0,0.00000,0,,0.00000,0.00000,
0,NewMedia0,188,3.14539,55342897052,0.25639,0.19940,2.98999,0.15540,9,1,0.37980,0.22802,1,0.36042,0.24815,0,,0.36534,0.19409,1,0.39427,0.26196,1,0.34741,0.51247,17.97739,0.96345,1,0.73392,0.52661,19.32744,0.95585,1,0,0.00000,13,4.22446,1,4.29068,1,0.00000,0,0.00000,0,0.00000,0,1,1,0,0.00000,0,,0.00000,0.00000,
0,NewMedia0,189,3.16052,55343048337,0.27649,0.20337,2.98999,0.17053,9,1,0.45735,0.23919,1,0.36042,0.24815,0,,0.45672,0.22826,1,0.45799,0.25011,1,0.34982,0.51283,17.57568,0.94804,1,0.73559,0.52683,19.14106,0.94043,1,0,0.00000,13,4.60433,1,4.67082,1,0.00000,0,0.00000,0,0.00000,0,1,1,0,0.00000,0,,0.00000,0.00000,
0,NewMedia0,190,3.16510,55343094292,0.29312,0.20880,2.98999,0.17511,9,1,0.45942,0.26305,1,0.36042,0.24815,0,,0.46031,0.25361,1,0.45854,0.27249,1,0.35265,0.51332,17.82967,0.93262,1,0.73849,0.52720,18.38945,0.92501,1,0,0.00000,13,4.09055,1,4.20820,1,0.00000,0,0.00000,0,0.00000,0,1,1,0,0.00000,0,,0.00000,0.00000,
0,NewMedia0,191,3.17487,55343191963,0.30821,0.21701,2.98999,0.18488,9,1,0.47419,0.30730,1,0.36042,0.24815,0,,0.46498,0.31079,1,0.48340,0.30381,1,0.35295,0.51368,17.29807,0.92501,1,0.73900,0.52746,18.29729,0.92501,1,0,0.00000,13,4.27283,1,4.18579,1,0.00000,0,0.00000,0,0.00000,0,1,1,0,0.00000,0,,0.00000,0.00000,
0,NewMedia0,192,3.18726,55343315500,0.31977,0.22245,2.98999,0.19727,9,1,0.45856,0.28779,1,0.36042,0.24815,0,,0.44919,0.26701,1,0.46793,0.30857,1,0.35340,0.51336,17.22146,0.92501,1,0.73927,0.52756,18.33709,0.92501,1,0,0.00000,13,4.21225,1,4.15877,1,0.00000,0,0.00000,0,0.00000,0,1,1,0,0.00000,0,,0.00000,0.00000,
0,NewMedia0,193,3.20532,55343496452,0.32960,0.22588,2.98999,0.21533,9,1,0.45741,0.27048,1,0.36042,0.24815,0,,0.44728,0.25420,1,0.46753,0.28676,1,0.35367,0.51372,17.42826,0.93283,1,0.73967,0.52753,18.39357,0.94043,1,0,0.00000,13,4.18818,1,4.14228,1,0.00000,0,0.00000,0,0.00000,0,1,1,0,0.00000,0,,0.00000,0.00000,
0,NewMedia0,194,3.22162,55343659542,0.33812,0.22577,2.98999,0.23163,9,1,0.45743,0.22416,1,0.36042,0.24815,0,,0.44402,0.21546,1,0.47084,0.23286,1,0.35394,0.51326,17.64177,0.94824,1,0.74003,0.52766,18.48429,0.95585,1,0,0.00000,13,4.02757,1,4.14369,1,0.00000,0,0.00000,0,0.00000,0,1,1,0,0.00000,0,,520.40204,8.83046,
0,NewMedia0,195,3.23749,55343817878,0.38109,0.21738,2.98999,0.23163,9,0,0.47675,0.17136,1,0.36042,0.24815,0,,0.45391,0.17506,1,0.49958,0.16767,1,0.35404,0.51327,17.48371,0.96366,1,0.74034,0.52774,18.40987,0.97126,1,0,0.00000,13,4.02827,1,4.15019,1,0.00000,0,0.00000,0,0.00000,0,1,1,0,0.00000,0,,0.00000,0.00000,
0,NewMedia0,196,3.26678,55344111297,0.42805,0.18214,2.98999,0.23163,9,0,0.47501,0.14689,1,0.36042,0.24815,0,,0.45034,0.14928,1,0.49968,0.14450,1,0.35479,0.51320,17.75486,0.97908,1,0.74067,0.52793,18.49483,0.98668,1,0,0.00000,13,4.10422,1,4.16654,1,0.00000,0,0.00000,0,0.00000,0,1,1,0,0.00000,0,,0.00000,0.00000,
0,NewMedia0,197,3.27863,55344229698,0.43346,0.16741,2.98999,0.23163,9,0,0.44428,0.13795,1,0.36042,0.24815,0,,0.44412,0.11072,1,0.44444,0.16518,1,0.35512,0.51309,17.43553,0.98668,1,0.74123,0.52771,18.56441,0.98668,1,0,0.00000,13,4.14267,1,4.12312,1,0.00000,0,0.00000,0,0.00000,0,1,1,0,0.00000,0,,0.00000,0.00000,
0,NewMedia0,198,3.28589,55344302201,0.45970,0.13899,2.98999,0.23163,9,0,0.45980,0.13212,1,0.36042,0.24815,0,,0.43667,0.08720,1,0.48293,0.17703,1,0.35528,0.51300,17.54122,0.98668,1,0.74142,0.52778,18.59357,0.98668,1,0,0.00000,13,4.12697,1,4.12912,1,0.00000,0,0.00000,0,0.00000,0,1,1,0,0.00000,0,,0.00000,0.00000,
0,NewMedia0,199,3.30225,55344465470,0.45975,0.13555,2.98999,0.23163,9,0,0.45980,0.13212,1,0.36042,0.24815,0,,0.43667,0.08720,1,0.48293,0.17703,1,0.35605,0.51279,17.50309,0.98668,1,0.74180,0.52785,18.36114,0.98668,1,0,0.00000,13,4.09649,1,4.15708,1,0.00000,0,0.00000,0,0.00000,0,1,1,0,0.00000,0,,0.00000,0.00000,
0,NewMedia0,200,3.31842,55344627635,0.45504,0.14684,2.98999,0.23163,9,0,0.44561,0.16941,1,0.36042,0.24815,0,,0.44410,0.14510,1,0.44712,0.19373,1,0.35643,0.51299,17.71069,0.98668,1,0.74223,0.52799,18.64105,0.98668,1,0,0.00000,13,4.14352,1,4.11530,1,0.00000,0,0.00000,0,0.00000,0,1,1,0,0.00000,0,,0.00000,0.00000,
0,NewMedia0,201,3.33496,55344792827,0.45442,0.15658,3.28589,0.04907,10,1,0.45255,0.18581,1,0.36042,0.24815,0,,0.43295,0.17676,1,0.47215,0.19485,1,0.35655,0.51276,17.54100,0.98668,1,0.74253,0.52755,18.54950,0.98668,1,0,0.00000,13,4.17935,1,4.10068,1,0.00000,0,0.00000,0,0.00000,0,1,1,0,0.00000,0,,0.00000,0.00000,
0,NewMedia0,202,3.39264,55345369486,0.46307,0.16360,3.28589,0.10675,10,1,0.49769,0.19170,1,0.36042,0.24815,0,,0.48198,0.16173,1,0.51339,0.22167,1,0.35719,0.51272,17.79141,0.98668,1,0.74292,0.52767,18.48300,0.98668,1,0,0.00000,13,4.15377,1,4.09900,1,0.00000,0,0.00000,0,0.00000,0,1,1,0,0.00000,0,,0.00000,0.00000,
0,NewMedia0,203,3.39459,55345389025,0.46238,0.17220,3.28589,0.10870,10,1,0.45891,0.21516,1,0.36042,0.24815,0,,0.46666,0.19320,1,0.45116,0.23713,1,0.35744,0.51256,17.50945,0.98668,1,0.74310,0.52786,18.70295,0.98668,1,0,0.00000,13,4.15456,1,4.16817,1,0.00000,0,0.00000,0,0.00000,0,1,1,0,0.00000,0,,0.00000,0.00000,
0,NewMedia0,204,3.40094,55345452499,0.46205,0.18077,3.28589,0.11505,10,1,0.46007,0.23224,1,0.36042,0.24815,0,,0.46834,0.20584,1,0.45180,0.25863,1,0.35802,0.51273,17.77305,0.97887,1,0.74410,0.52813,18.44020,0.97126,1,0,0.00000,13,4.15593,1,4.14537,1,0.00000,0,0.00000,0,0.00000,0,1,1,0,0.00000,0,,0.00000,0.00000,
0,NewMedia0,205,3.41699,55345613078,0.46455,0.18585,3.28589,0.13110,10,1,0.48211,0.22136,1,0.36042,0.24815,0,,0.46216,0.17481,1,0.50205,0.26790,1,0.35877,0.51264,17.65351,0.96345,1,0.74430,0.52801,18.66510,0.95585,1,0,0.00000,13,4.16339,1,4.11809,1,0.00000,0,0.00000,0,0.00000,0,1,1,0,0.00000,0,,0.00000,0.00000,
0,NewMedia0,206,3.43365,55345779780,0.46897,0.19388,3.28589,0.14777,10,1,0.50429,0.25813,1,0.36042,0.24815,0,,0.48961,0.22585,1,0.51896,0.29041,1,0.35869,0.51226,17.38084,0.94804,1,0.74459,0.52824,18.74620,0.94043,1,0,0.00000,13,4.21937,1,4.08406,1,0.00000,0,0.00000,0,0.00000,0,1,1,0,0.00000,0,,0.00000,0.00000,
0,NewMedia0,207,3.45538,55345997219,0.47264,0.20268,3.28589,0.16949,10,1,0.50565,0.28188,1,0.36042,0.24815,0,,0.49275,0.25139,1,0.51854,0.31236,1,0.35975,0.51261,18.02491,0.93262,1,0.74535,0.52832,18.69721,0.92501,1,0,0.00000,13,4.16249,1,4.12603,1,0.00000,0,0.00000,0,0.00000,0,1,1,0,0.00000,0,,0.00000,0.00000,
0,NewMedia0,208,3.47198,55346162866,0.47978,0.21235,3.28589,0.18610,10,1,0.55117,0.30904,1,0.36042,0.24815,0,,0.54274,0.30390,1,0.55960,0.31418,1,0.36080,0.51273,17.40459,0.92501,1,0.74662,0.52938,18.67749,0.92501,1,0,0.00000,13,4.13797,1,4.26708,1,0.00000,0,0.00000,0,0.00000,0,1,1,0,0.00000,0,,0.00000,0.00000,
0,NewMedia0,209,3.49915,55346434440,0.48422,0.21892,3.28589,0.21326,10,1,0.53316,0.29123,1,0.36042,0.24815,0,,0.49907,0.23447,1,0.56725,0.34798,1,0.36131,0.51290,17.51025,0.92501,1,0.74679,0.52933,18.94762,0.92501,1,0,0.00000,13,4.10966,1,4.30706,1,0.00000,0,0.00000,0,0.00000,0,1,1,0,0.00000,0,,0.00000,0.00000,
0,NewMedia0,210,3.50269,55346470121,0.48798,0.22315,3.28589,0.21680,10,1,0.53299,0.27385,1,0.36042,0.24815,0,,0.49750,0.22126,1,0.56847,0.32645,1,0.36144,0.51291,17.41407,0.93283,1,0.74692,0.52907,18.66772,0.94043,1,0,0.00000,13,4.13598,1,4.27490,1,0.00000,0,0.00000,0,0.00000,0,1,1,0,0.00000,0,,0.00000,0.00000,
0,NewMedia0,211,3.51593,55346602690,0.48795,0.22496,3.28589,0.23004,10,1,0.48768,0.24858,1,0.36042,0.24815,0,,0.48064,0.26253,1,0.49471,0.23462,1,0.36157,0.51301,17.86406,0.94824,1,0.74720,0.52920,18.70697,0.95585,1,0,0.00000,13,4.08981,1,4.28671,1,0.00000,0,0.00000,0,0.00000,0,1,1,0,0.00000,0,,0.00000,0.00000,
0,NewMedia0,212,3.53223,55346765611,0.48883,0.22062,3.28589,0.24634,10,1,0.50115,0.15975,1,0.36042,0.24815,0,,0.49987,0.17179,1,0.50243,0.14772,1,0.36172,0.51277,17.68920,0.96366,1,0.74748,0.52935,18.87484,0.97126,1,0,0.00000,13,4.05946,1,4.26409,1,0.00000,0,0.00000,0,0.00000,0,1,1,0,0.00000,0,,0.00000,0.00000,
0,NewMedia0,213,3.54865,55346929463,0.48956,0.21641,3.28589,0.26276,10,1,0.50042,0.15333,1,0.36042,0.24815,0,,0.49841,0.15894,1,0.50243,0.14772,1,0.36178,0.51322,17.60830,0.97126,1,0.74758,0.52951,18.92159,0.97126,1,0,0.00000,13,4.10959,1,4.21522,1,0.00000,0,0.00000,0,0.00000,0,1,1,0,0.00000,0,,0.00000,0.00000,
0,NewMedia0,214,3.57611,55347204313,0.49078,0.21504,3.28589,0.29022,10,1,0.51038,0.19305,1,0.36042,0.24815,0,,0.50292,0.17856,1,0.51784,0.20753,1,0.36196,0.51319,17.89499,0.96345,1,0.74758,0.52941,19.02972,0.95585,1,0,0.00000,13,4.05731,1,4.15615,1,0.00000,0,0.00000,0,0.00000,0,1,1,0,0.00000,0,,293.33618,2.26409,
0,NewMedia0,215,3.60980,55347541119,0.50677,0.23922,3.28589,0.29022,10,0,0.51223,0.24819,1,0.36042,0.24815,0,,0.50234,0.25014,1,0.52213,0.24624,1,0.36180,0.51374,17.31365,0.94804,1,0.74758,0.52955,19.03563,0.94043,1,0,0.00000,13,4.28309,1,4.18911,1,0.00000,0,0.00000,0,0.00000,0,1,1,0,0.00000,0,,0.00000,0.00000,
0,NewMedia0,217,3.61548,55347598078,0.51318,0.26825,3.28589,0.29022,10,0,0.51929,0.29340,1,0.36042,0.24815,0,,0.51757,0.29513,1,0.52101,0.29167,1,0.36194,0.51356,17.21747,0.92501,1,0.74770,0.52952,19.05892,0.92501,1,0,0.00000,13,4.27205,1,4.19267,1,0.00000,0,0.00000,0,0.00000,0,1,1,0,0.00000,0,,0.00000,0.00000,
0,NewMedia0,218,3.63080,55347751169,0.51578,0.27603,3.60980,0.02100,11,1,0.52358,0.29935,1,0.36042,0.24815,0,,0.52666,0.32447,1,0.52050,0.27423,1,0.36188,0.51363,17.18663,0.92501,1,0.74766,0.52959,19.17441,0.92501,1,0,0.00000,13,4.26118,1,4.19546,1,0.00000,0,0.00000,0,0.00000,0,1,1,0,0.00000,0,,0.00000,0.00000,
0,NewMedia0,219,3.64709,55347914109,0.51734,0.28069,3.60980,0.03729,11,1,0.52358,0.29935,1,0.36042,0.24815,0,,0.52666,0.32447,1,0.52050,0.27423,1,0.36212,0.51375,17.49639,0.92501,1,0.74770,0.52965,19.04287,0.92501,1,0,0.00000,13,4.26862,1,4.21089,1,0.00000,0,0.00000,0,0.00000,0,1,1,0,0.00000,0,,0.00000,0.00000,
0,NewMedia0,220,3.66345,55348077746,0.51740,0.28044,3.60980,0.05365,11,1,0.51768,0.27917,1,0.36042,0.24815,0,,0.49510,0.30246,1,0.54025,0.25588,1,0.36227,0.51402,17.94288,0.92501,1,0.74771,0.52963,19.04452,0.92501,1,0,0.00000,13,4.25759,1,4.20795,1,0.00000,0,0.00000,0,0.00000,0,1,1,0,0.00000,0,,0.00000,0.00000,
0,NewMedia0,221,3.68689,55348311827,0.51771,0.28040,3.60980,0.07709,11,1,0.51957,0.28020,1,0.36042,0.24815,0,,0.49964,0.30632,1,0.53950,0.25408,1,0.36235,0.51378,17.93013,0.92501,1,0.74771,0.52963,19.04452,0.92501,1,0,0.00000,13,4.19499,1,4.20883,1,0.00000,0,0.00000,0,0.00000,0,1,1,0,0.00000,0,,0.00000,0.00000,
0,NewMedia0,222,3.69739,55348417026,0.51789,0.27815,3.60980,0.08759,11,1,0.51917,0.26239,1,0.36042,0.24815,0,,0.49809,0.29372,1,0.54026,0.23106,1,0.36239,0.51378,17.93044,0.93283,1,0.74783,0.52966,19.20316,0.94043,1,0,0.00000,13,4.19382,1,4.19822,1,0.00000,0,0.00000,0,0.00000,0,1,1,0,0.00000,0,,0.00000,0.00000,
0,NewMedia0,223,3.72705,55348713832,0.51836,0.27426,3.60980,0.11725,11,1,0.52211,0.24315,1,0.36042,0.24815,0,,0.47534,0.27431,1,0.56887,0.21199,1,0.36282,0.51400,17.70766,0.94824,1,0.74817,0.52922,19.29918,0.95585,1,0,0.00000,13,4.27382,1,4.23069,1,0.00000,0,0.00000,0,0.00000,0,1,1,0,0.00000,0,,0.00000,0.00000,
0,NewMedia0,224,3.73120,55348755322,0.51848,0.26957,3.60980,0.12140,11,1,0.51960,0.22734,1,0.36042,0.24815,0,,0.48210,0.25451,1,0.55710,0.20017,1,0.36279,0.51412,17.53864,0.96366,1,0.74817,0.52922,19.29918,0.97126,1,0,0.00000,13,4.21706,1,4.23045,1,0.00000,0,0.00000,0,0.00000,0,1,1,0,0.00000,0,,0.00000,0.00000,
0,NewMedia0,225,3.74573,55348900335,0.51856,0.26408,3.60980,0.13593,11,1,0.51934,0.20918,1,0.36042,0.24815,0,,0.48053,0.24237,1,0.55815,0.17599,1,0.36305,0.51450,17.69892,0.97126,1,0.74820,0.52928,19.30333,0.98756,1,0,0.00000,13,4.23599,1,4.21932,1,0.00000,0,0.00000,0,0.00000,0,1,1,0,0.00000,0,,0.00000,0.00000,
0,NewMedia0,226,3.76208,55349064240,0.51677,0.26175,3.60980,0.15228,11,1,0.49701,0.23610,1,0.36042,0.24815,0,,0.50088,0.27121,1,0.49314,0.20098,1,0.36303,0.51448,17.67399,0.97975,1,0.74846,0.52961,18.99986,0.98844,1,0,0.00000,13,4.23499,1,4.22600,1,0.00000,0,0.00000,0,0.00000,0,1,1,0,0.00000,0,,0.00000,0.00000,
0,NewMedia0,227,3.77856,55349228548,0.51534,0.25581,3.60980,0.16876,11,1,0.49830,0.18450,1,0.36042,0.24815,0,,0.49939,0.16671,1,0.49721,0.20230,1,0.36303,0.51448,17.67399,0.98062,1,0.74853,0.52955,19.06129,0.98932,1,0,0.00000,13,4.23423,1,4.22287,1,0.00000,0,0.00000,0,0.00000,0,1,1,0,0.00000,0,,0.00000,0.00000,
0,NewMedia0,228,3.80804,55349523478,0.51412,0.25145,3.60980,0.19824,11,1,0.49818,0.19486,1,0.36042,0.24815,0,,0.49923,0.16524,1,0.49714,0.22448,1,0.36296,0.51440,17.67810,0.98150,1,0.74867,0.52971,19.28566,0.97390,1,0,0.00000,13,4.20755,1,4.24079,1,0.00000,0,0.00000,0,0.00000,0,1,1,0,0.00000,0,,0.00000,0.00000,
0,NewMedia0,229,3.83716,55349814932,0.51343,0.24688,3.60980,0.22736,11,1,0.50379,0.18281,1,0.36042,0.24815,0,,0.49133,0.12077,1,0.51625,0.24485,1,0.36306,0.51467,17.78949,0.97390,1,0.74881,0.53004,19.04706,0.95760,1,0,0.00000,13,4.14265,1,4.26283,1,0.00000,0,0.00000,0,0.00000,0,1,1,0,0.00000,0,,0.00000,0.00000,
0,NewMedia0,230,3.84131,55349856259,0.51316,0.24615,3.60980,0.23151,11,1,0.50905,0.23522,1,0.36042,0.24815,0,,0.50317,0.16878,1,0.51493,0.30166,1,0.36325,0.51492,17.84541,0.95760,1,0.74884,0.53010,19.06236,0.94131,1,0,0.00000,13,4.17488,1,4.27861,1,0.00000,0,0.00000,0,0.00000,0,1,1,0,0.00000,0,,0.00000,0.00000,
0,NewMedia0,231,3.84424,55349885797,0.51300,0.24700,3.60980,0.23444,11,1,0.51042,0.26060,1,0.36042,0.24815,0,,0.50629,0.19657,1,0.51455,0.32463,1,0.36322,0.51503,17.79257,0.94131,1,0.74900,0.53037,18.78707,0.92501,1,0,0.00000,13,4.14895,1,4.33342,1,0.00000,0,0.00000,0,0.00000,0,1,1,0,0.00000,0,,0.00000,0.00000,
0,NewMedia0,232,3.86084,55350051485,0.51305,0.24978,3.60980,0.25104,11,1,0.51392,0.29698,1,0.36042,0.24815,0,,0.50822,0.24220,1,0.51963,0.35175,1,0.36328,0.51528,17.79440,0.92501,1,0.74908,0.53100,19.37143,0.92501,1,0,0.00000,13,4.10262,1,4.31063,1,0.00000,0,0.00000,0,0.00000,0,1,1,0,0.00000,0,,0.00000,0.00000,
0,NewMedia0,233,3.87708,55350213984,0.51377,0.25220,3.60980,0.26727,11,1,0.52669,0.29590,1,0.36042,0.24815,0,,0.51746,0.24924,1,0.53593,0.34257,1,0.36329,0.51512,17.99573,0.92501,1,0.74913,0.53108,19.36661,0.92501,1,0,0.00000,13,4.07177,1,4.31937,1,0.00000,0,0.00000,0,0.00000,0,1,1,0,0.00000,0,,0.00000,0.00000,
0,NewMedia0,234,3.89709,55350413995,0.51441,0.25439,3.60980,0.28729,11,1,0.52669,0.29590,1,0.36042,0.24815,0,,0.51746,0.24924,1,0.53593,0.34257,1,0.36338,0.51516,18.06830,0.92501,1,0.74918,0.53108,19.33167,0.92501,1,0,0.00000,13,4.05880,1,4.32248,1,0.00000,0,0.00000,0,0.00000,0,1,1,0,0.00000,0,,0.00000,0.00000,
0,NewMedia0,235,3.91461,55350589071,0.51507,0.25578,3.60980,0.30481,11,1,0.52817,0.28353,1,0.36042,0.24815,0,,0.51586,0.22566,1,0.54049,0.34139,1,0.36353,0.51518,18.11021,0.92501,1,0.74933,0.53085,19.16553,0.92501,1,0,0.00000,13,4.12180,1,4.32264,1,0.00000,0,0.00000,0,0.00000,0,1,1,0,0.00000,0,,0.00000,0.00000,
0,NewMedia0,236,3.94159,55350858930,0.51508,0.25587,3.60980,0.33179,11,1,0.51545,0.25796,1,0.36042,0.24815,0,,0.50526,0.21938,1,0.52563,0.29654,1,0.36340,0.51502,18.04064,0.92501,1,0.74934,0.53030,18.93535,0.92501,1,0,0.00000,13,4.14522,1,4.27472,1,0.00000,0,0.00000,0,0.00000,0,1,1,0,0.00000,0,,0.00000,0.00000,
0,NewMedia0,237,3.94293,55350872800,0.51510,0.25597,3.60980,0.33313,11,1,0.51545,0.25796,1,0.36042,0.24815,0,,0.50526,0.21938,1,0.52563,0.29654,1,0.36320,0.51490,17.96522,0.92501,1,0.74926,0.53002,19.11365,0.92501,1,0,0.00000,13,4.16388,1,4.24980,1,0.00000,0,0.00000,0,0.00000,0,1,1,0,0.00000,0,,0.00000,0.00000,
0,NewMedia0,238,3.95917,55351035074,0.51534,0.25730,3.60980,0.34937,11,1,0.52091,0.28805,1,0.36042,0.24815,0,,0.51294,0.31932,1,0.52888,0.25678,1,0.36300,0.51443,17.82292,0.92501,1,0.74917,0.52971,19.28093,0.92501,1,0,0.00000,13,4.19068,1,4.29803,1,0.00000,0,0.00000,0,0.00000,0,1,1,0,0.00000,0,,0.00000,0.00000,
0,NewMedia0,239,3.97565,55351199912,0.51523,0.25800,3.60980,0.36584,11,1,0.51243,0.27477,1,0.36042,0.24815,0,,0.50602,0.31128,1,0.51885,0.23826,1,0.36297,0.51445,17.66254,0.92501,1,0.74901,0.52951,19.41491,0.92501,1,0,0.00000,13,4.21230,1,4.25463,1,0.00000,0,0.00000,0,0.00000,0,1,1,0,0.00000,0,,0.00000,0.00000,
0,NewMedia0,240,3.99188,55351362170,0.51512,0.25865,3.60980,0.38208,11,1,0.51243,0.27477,1,0.36042,0.24815,0,,0.50602,0.31128,1,0.51885,0.23826,1,0.36315,0.51362,17.53006,0.92501,1,0.74893,0.52890,19.06526,0.92501,1,0,0.00000,13,4.41626,1,4.29689,1,0.00000,0,0.00000,0,0.00000,0,1,1,0,0.00000,0,,0.00000,0.00000,
0,NewMedia0,241,4.02509,55351693750,0.51414,0.26039,3.60980,0.41528,11,1,0.48882,0.30583,1,0.36042,0.24815,0,,0.47703,0.26398,1,0.50061,0.34768,1,0.36286,0.51326,17.88180,0.92501,1,0.74871,0.52856,19.09400,0.92501,1,0,0.00000,13,4.05160,1,4.33623,1,0.00000,0,0.00000,0,0.00000,0,1,1,0,0.00000,0,,0.00000,0.00000,
0,NewMedia0,242,4.02704,55351713326,0.51491,0.26091,3.60980,0.41724,11,1,0.53549,0.27496,1,0.36042,0.24815,0,,0.49864,0.22928,1,0.57235,0.32064,1,0.36269,0.51324,18.02499,0.92501,1,0.74867,0.52826,18.83082,0.92501,1,0,0.00000,13,4.09408,1,4.32905,1,0.00000,0,0.00000,0,0.00000,0,1,1,0,0.00000,0,,0.00000,0.00000,
0,NewMedia0,243,4.05914,55352034319,0.51561,0.26079,3.60980,0.44934,11,1,0.53536,0.25732,1,0.36042,0.24815,0,,0.49707,0.21603,1,0.57365,0.29862,1,0.36229,0.51280,18.17348,0.93283,1,0.74839,0.52786,18.82203,0.94043,1,0,0.00000,13,4.15681,1,4.31990,1,0.00000,0,0.00000,0,0.00000,0,1,1,0,0.00000,0,,0.00000,0.00000,
0,NewMedia0,244,4.06061,55352049101,0.51555,0.25865,3.60980,0.45081,11,1,0.51377,0.19646,1,0.36042,0.24815,0,,0.49697,0.18388,1,0.53057,0.20903,1,0.36189,0.51298,17.99576,0.94824,1,0.74803,0.52734,19.04869,0.95585,1,0,0.00000,13,4.14000,1,4.30856,1,0.00000,0,0.00000,0,0.00000,0,1,1,0,0.00000,0,,0.00000,0.00000,
0,NewMedia0,245,4.07471,55352190169,0.51645,0.25521,3.60980,0.46490,11,1,0.54342,0.15224,1,0.36042,0.24815,0,,0.51025,0.13525,1,0.57659,0.16923,1,0.36251,0.51288,18.58317,0.96366,1,0.74856,0.52753,19.31811,0.97126,1,0,0.00000,13,4.15367,1,4.36917,1,0.00000,0,0.00000,0,0.00000,0,1,1,0,0.00000,0,,0.00000,0.00000,
0,NewMedia0,246,4.09076,55352351017,0.51727,0.25121,3.60980,0.48096,11,1,0.54265,0.12715,1,0.36042,0.24815,0,,0.50740,0.10853,1,0.57789,0.14577,1,0.36429,0.51303,19.10111,0.97908,1,0.74975,0.52763,19.50610,0.98668,1,0,0.00000,13,4.22089,1,4.45240,1,0.00000,0,0.00000,0,0.00000,0,1,1,0,0.00000,0,,0.00000,0.00000,
0,NewMedia0,247,4.11121,55352555275,0.52382,0.24788,3.60980,0.50140,11,1,0.73359,0.14139,1,0.36042,0.24815,0,,0.74815,0.10388,1,0.71904,0.17890,1,0.36841,0.51318,18.26219,0.98668,1,0.75372,0.52864,19.61053,0.98668,1,0,0.00000,13,4.56658,1,4.54815,1,0.00000,0,0.00000,0,0.00000,0,1,1,0,0.00000,0,,72.67837,330.79065,
0,NewMedia0,248,4.13306,55352773478,0.56172,0.22511,3.60980,0.50140,11,0,0.78633,0.15037,1,0.36042,0.24815,0,,0.75346,0.11478,1,0.81919,0.18595,1,0.36966,0.51317,18.47414,0.98668,1,0.75465,0.52853,19.73713,0.98668,1,0,0.00000,13,4.37097,1,4.59607,1,0.00000,0,0.00000,0,0.00000,0,1,1,0,0.00000,0,,0.00000,0.00000,
0,NewMedia0,249,4.16736,55353116645,0.67341,0.19066,3.60980,0.50140,11,0,0.78509,0.15622,1,0.36042,0.24815,0,,0.75346,0.11478,1,0.81672,0.19766,1,0.37110,0.51316,18.62015,0.98668,1,0.75615,0.52844,19.66606,0.97908,1,0,0.00000,13,4.22087,1,4.37229,1,0.00000,0,0.00000,0,0.00000,0,1,1,0,0.00000,0,,0.00000,0.00000,
0,NewMedia0,251,4.17303,55353173240,0.78219,0.16824,3.60980,0.50140,11,0,0.78632,0.16737,1,0.36042,0.24815,0,,0.78057,0.15990,1,0.79206,0.17485,1,0.37029,0.51265,18.53991,0.97147,1,0.75568,0.52792,19.42180,0.96387,1,0,0.00000,13,4.23438,1,4.41259,1,0.00000,0,0.00000,0,0.00000,0,1,1,0,0.00000,0,,0.00000,0.00000,
0,NewMedia0,252,4.18921,55353335482,0.78359,0.17419,3.60980,0.50140,11,0,0.78498,0.18014,1,0.36042,0.24815,0,,0.78021,0.17340,1,0.78975,0.18688,1,0.37009,0.51289,18.38989,0.96387,1,0.75575,0.52805,19.25140,0.95626,1,0,0.00000,13,4.33190,1,4.49216,1,0.00000,0,0.00000,0,0.00000,0,1,1,0,0.00000,0,,0.00000,0.00000,
0,NewMedia0,253,4.20563,55353499332,0.78365,0.20502,3.60980,0.50140,11,0,0.78378,0.26668,1,0.36042,0.24815,0,,0.77060,0.27371,1,0.79696,0.25964,1,0.37010,0.51255,18.53811,0.95626,1,0.75582,0.52786,19.12927,0.95626,1,0,0.00000,13,4.22939,1,4.54627,1,0.00000,0,0.00000,0,0.00000,0,1,1,0,0.00000,0,,0.00000,0.00000,
0,NewMedia0,254,4.24628,55353905848,0.78694,0.21801,4.17303,0.07324,12,1,0.79678,0.25700,1,0.36042,0.24815,0,,0.79138,0.26736,1,0.80219,0.24663,1,0.37030,0.51234,18.47353,0.95626,1,0.75592,0.52790,19.57566,0.95626,1,0,0.00000,13,4.31357,1,4.50504,1,0.00000,0,0.00000,0,0.00000,0,1,1,0,0.00000,0,,0.00000,0.00000,
0,NewMedia0,255,4.25861,55354029111,0.78861,0.22831,4.17303,0.08557,12,1,0.79530,0.26951,1,0.36042,0.24815,0,,0.79089,0.28053,1,0.79971,0.25849,1,0.37177,0.51294,19.00700,0.94845,1,0.75678,0.52809,19.87443,0.94845,1,0,0.00000,13,4.25975,1,4.41852,1,0.00000,0,0.00000,0,0.00000,0,1,1,0,0.00000,0,,0.00000,0.00000,
0,NewMedia0,256,4.27161,55354158973,0.81124,0.22615,4.17303,0.09857,12,1,0.92439,0.21530,1,0.36042,0.24815,0,,0.91116,0.21520,1,0.93761,0.21541,1,0.37540,0.51292,18.45523,0.94064,1,0.76007,0.52937,20.30231,0.94064,1,0,0.00000,13,4.35665,1,4.55570,1,0.00000,0,0.00000,0,0.00000,0,1,1,0,0.00000,0,,0.00000,0.00000,
0,NewMedia0,257,4.27448,55354188208,0.82510,0.23308,4.17303,0.10144,12,1,0.90829,0.27467,1,0.36042,0.24815,0,,0.87998,0.30096,1,0.93660,0.24838,1,0.37547,0.51285,18.70391,0.93283,1,0.76035,0.52883,19.80190,0.93283,1,0,0.00000,13,4.31739,1,4.56703,1,0.00000,0,0.00000,0,0.00000,0,1,1,0,0.00000,0,,0.00000,0.00000,
0,NewMedia0,258,4.28894,55354332470,0.83572,0.23752,4.17303,0.11591,12,1,0.91006,0.26863,1,0.36042,0.24815,0,,0.87998,0.30096,1,0.94015,0.23630,1,0.37575,0.51303,18.57693,0.93283,1,0.76101,0.52900,19.43805,0.94043,1,0,0.00000,13,4.34796,1,4.60419,1,0.00000,0,0.00000,0,0.00000,0,1,1,0,0.00000,0,,0.00000,0.00000,
0,NewMedia0,259,4.30414,55354484408,0.84482,0.23109,4.17303,0.13110,12,1,0.91763,0.17964,1,0.36042,0.24815,0,,0.89338,0.14103,1,0.94189,0.21825,1,0.37546,0.51333,18.52025,0.94824,1,0.76104,0.52921,19.21601,0.95585,1,0,0.00000,13,4.40017,1,4.53446,1,0.00000,0,0.00000,0,0.00000,0,1,1,0,0.00000,0,,0.00000,0.00000,
0,NewMedia0,260,4.33185,55354761905,0.85355,0.22508,4.17303,0.15881,12,1,0.93211,0.17100,1,0.36042,0.24815,0,,0.92614,0.12822,1,0.93808,0.21377,1,0.37554,0.51324,18.44551,0.96366,1,0.76063,0.52925,19.93688,0.97126,1,0,0.00000,13,4.43565,1,4.48007,1,0.00000,0,0.00000,0,0.00000,0,1,1,0,0.00000,0,,0.00000,0.00000,
0,NewMedia0,261,4.34460,55354889116,0.86113,0.21775,4.17303,0.17157,12,1,0.93687,0.14449,1,0.36042,0.24815,0,,0.92874,0.09934,1,0.94500,0.18964,1,0.37544,0.51334,18.50508,0.97908,1,0.76061,0.52914,19.86093,0.98668,1,0,0.00000,13,4.39723,1,4.43047,1,0.00000,0,0.00000,0,0.00000,0,1,1,0,0.00000,0,,0.00000,0.00000,
0,NewMedia0,262,4.38464,55355289775,0.86790,0.21411,4.17303,0.21161,12,1,0.94239,0.17400,1,0.36042,0.24815,0,,0.91958,0.12660,1,0.96520,0.22141,1,0.37527,0.51354,18.65805,0.98668,1,0.76003,0.52947,20.03719,0.98668,1,0,0.00000,13,4.21446,1,4.49417,1,0.00000,0,0.00000,0,0.00000,0,1,1,0,0.00000,0,,0.00000,0.00000,
0,NewMedia0,263,4.38867,55355329826,0.87382,0.21274,4.17303,0.21564,12,1,0.94489,0.19637,1,0.36042,0.24815,0,,0.89663,0.17188,1,0.99315,0.22086,1,0.37504,0.51376,18.61411,0.98668,1,0.75987,0.52981,20.05306,0.98668,1,0,0.00000,13,4.23824,1,4.50353,1,0.00000,0,0.00000,0,0.00000,0,1,1,0,0.00000,0,,0.00000,0.00000,
0,NewMedia0,264,4.39026,55355345540,0.87876,0.21199,4.17303,0.21722,12,1,0.94300,0.20223,1,0.36042,0.24815,0,,0.89663,0.17188,1,0.98937,0.23259,1,0.37474,0.51410,18.45725,0.98668,1,0.75957,0.53031,19.40311,0.97908,1,0,0.00000,13,4.20986,1,4.58199,1,0.00000,0,0.00000,0,0.00000,0,1,1,0,0.00000,0,,0.00000,0.00000,
0,NewMedia0,265,4.40271,55355470538,0.88233,0.21201,4.17303,0.22968,12,1,0.93229,0.21223,1,0.36042,0.24815,0,,0.91625,0.23737,1,0.94833,0.18709,1,0.37425,0.51486,18.34278,0.97908,1,0.75951,0.53011,19.69638,0.97147,1,0,0.00000,13,4.37693,1,4.57066,1,0.00000,0,0.00000,0,0.00000,0,1,1,0,0.00000,0,,689.42853,3.22120,
0,NewMedia0,266,4.41901,55355633072,0.92090,0.21059,4.17303,0.22968,12,0,0.96352,0.21902,1,0.36042,0.24815,0,,0.94579,0.23920,1,0.98126,0.19884,1,0.37418,0.51514,18.36906,0.97147,1,0.75931,0.53061,19.41104,0.96387,1,0,0.00000,13,4.36048,1,4.54147,1,0.00000,0,0.00000,0,0.00000,0,1,1,0,0.00000,0,,0.00000,0.00000,
0,NewMedia0,267,4.44891,55355932503,0.94157,0.22113,4.17303,0.22968,12,0,0.96224,0.23168,1,0.36042,0.24815,0,,0.94279,0.26592,1,0.98170,0.19743,1,0.37398,0.51510,18.15955,0.95606,1,0.75904,0.53077,19.78178,0.96475,1,0,0.00000,13,4.46695,1,4.51935,1,0.00000,0,0.00000,0,0.00000,0,1,1,0,0.00000,0,,0.00000,0.00000,
0,NewMedia0,268,4.45886,55356032023,0.94325,0.21480,4.17303,0.22968,12,0,0.94662,0.20213,1,0.36042,0.24815,0,,0.90304,0.20451,1,0.99020,0.19976,1,0.37375,0.51546,18.40582,0.95693,1,0.75837,0.53112,20.05521,0.97323,1,0,0.00000,13,4.31151,1,4.54470,1,0.00000,0,0.00000,0,0.00000,0,1,1,0,0.00000,0,,0.00000,0.00000,
0,NewMedia0,269,4.48309,55356273865,0.94007,0.20395,4.41901,0.06409,13,1,0.93052,0.17141,1,0.36042,0.24815,0,,0.88341,0.13887,1,0.97762,0.20396,1,0.37336,0.51515,17.76086,0.96542,1,0.75864,0.53085,19.36973,0.98171,1,0,0.00000,13,4.29410,1,4.65920,1,0.00000,0,0.00000,0,0.00000,0,1,1,0,0.00000,0,,0.00000,0.00000,
0,NewMedia0,270,4.48969,55356340173,0.93838,0.19444,4.41901,0.07068,13,1,0.93160,0.15639,1,0.36042,0.24815,0,,0.88558,0.10881,1,0.97762,0.20396,1,0.37298,0.51557,18.04286,0.98171,1,0.75841,0.53105,19.42434,0.98171,1,0,0.00000,13,4.40824,1,4.55563,1,0.00000,0,0.00000,0,0.00000,0,1,1,0,0.00000,0,,0.00000,0.00000,
0,NewMedia0,271,4.50165,55356459599,0.93948,0.19114,4.41901,0.08264,13,1,0.94501,0.17466,1,0.36042,0.24815,0,,0.94277,0.12730,1,0.94724,0.22203,1,0.37291,0.51576,17.98311,0.98952,1,0.75812,0.53091,19.12079,0.97323,1,0,0.00000,13,4.33817,1,4.59106,1,0.00000,0,0.00000,0,0.00000,0,1,1,0,0.00000,0,,0.00000,0.00000,
0,NewMedia0,272,4.51794,55356622402,0.94057,0.19418,4.41901,0.09894,13,1,0.94711,0.21239,1,0.36042,0.24815,0,,0.93254,0.15303,1,0.96168,0.27175,1,0.37246,0.51591,18.05857,0.98104,1,0.75800,0.53113,19.45745,0.96475,1,0,0.00000,13,4.35802,1,4.45810,1,0.00000,0,0.00000,0,0.00000,0,1,1,0,0.00000,0,,0.00000,0.00000,
0,NewMedia0,273,4.53418,55356784739,0.94121,0.19830,4.41901,0.11517,13,1,0.94568,0.22713,1,0.36042,0.24815,0,,0.92968,0.18252,1,0.96168,0.27175,1,0.37273,0.51644,17.98234,0.96475,1,0.75716,0.53145,19.84505,0.96475,1,0,0.00000,13,4.26522,1,4.52125,1,0.00000,0,0.00000,0,0.00000,0,1,1,0,0.00000,0,,0.00000,0.00000,
0,NewMedia0,274,4.60345,55357477571,0.94115,0.19999,4.41901,0.18445,13,1,0.94069,0.21352,1,0.36042,0.24815,0,,0.90038,0.20484,1,0.98099,0.22219,1,0.37217,0.51707,17.95289,0.95693,1,0.75709,0.53226,19.28419,0.97323,1,0,0.00000,13,4.41856,1,4.55602,1,0.00000,0,0.00000,0,0.00000,0,1,1,0,0.00000,0,,0.00000,0.00000,
0,NewMedia0,275,4.61066,55357549554,0.94142,0.19929,4.41901,0.19165,13,1,0.94380,0.19299,1,0.36042,0.24815,0,,0.90287,0.17567,1,0.98473,0.21032,1,0.37215,0.51686,18.09388,0.97323,1,0.75698,0.53227,19.20370,0.98083,1,0,0.00000,13,4.13069,1,4.53859,1,0.00000,0,0.00000,0,0.00000,0,1,1,0,0.00000,0,,0.00000,0.00000,
0,NewMedia0,276,4.61212,55357564652,0.94184,0.19573,4.41901,0.19312,13,1,0.94611,0.16014,1,0.36042,0.24815,0,,0.90271,0.12069,1,0.98951,0.19959,1,0.37182,0.51792,18.04481,0.98083,1,0.75666,0.53241,19.46122,0.98844,1,0,0.00000,13,4.16436,1,4.45204,1,0.00000,0,0.00000,0,0.00000,0,1,1,0,0.00000,0,,0.00000,0.00000,
0,NewMedia0,277,4.61749,55357617942,0.94131,0.19432,4.41901,0.19849,13,1,0.93546,0.17875,1,0.36042,0.24815,0,,0.89589,0.13122,1,0.97502,0.22627,1,0.37182,0.51792,18.04481,0.99625,1,0.75657,0.53249,19.36201,0.98756,1,0,0.00000,13,4.16533,1,4.44875,1,0.00000,0,0.00000,0,0.00000,0,1,1,0,0.00000,0,,0.00000,0.00000,
0,NewMedia0,278,4.63306,55357773539,0.94084,0.19323,4.41901,0.21405,13,1,0.93519,0.18021,1,0.36042,0.24815,0,,0.89577,0.13280,1,0.97460,0.22761,1,0.37118,0.51883,18.43522,0.99537,1,0.75620,0.53317,19.64435,0.98668,1,0,0.00000,13,4.26006,1,4.47535,1,0.00000,0,0.00000,0,0.00000,0,1,1,0,0.00000,0,,0.00000,0.00000,
0,NewMedia0,279,4.64899,55357933162,0.94026,0.19075,4.41901,0.22998,13,1,0.93276,0.15858,1,0.36042,0.24815,0,,0.89477,0.13924,1,0.97074,0.17791,1,0.37136,0.51873,18.18151,0.98668,1,0.75608,0.53330,19.67729,0.98668,1,0,0.00000,13,4.29277,1,4.44113,1,0.00000,0,0.00000,0,0.00000,0,1,1,0,0.00000,0,,0.00000,0.00000,
0,NewMedia0,280,4.67365,55358179408,0.93970,0.18836,4.41901,0.25464,13,1,0.93183,0.15487,1,0.36042,0.24815,0,,0.88850,0.11845,1,0.97517,0.19130,1,0.37139,0.51865,18.06571,0.98668,1,0.75620,0.53326,19.59891,0.98668,1,0,0.00000,13,4.30958,1,4.43031,1,0.00000,0,0.00000,0,0.00000,0,1,1,0,0.00000,0,,0.00000,0.00000,
0,NewMedia0,281,4.69037,55358346786,0.93921,0.18627,4.41901,0.27136,13,1,0.93183,0.15487,1,0.36042,0.24815,0,,0.88850,0.11845,1,0.97517,0.19130,1,0.37134,0.51845,17.89585,0.98668,1,0.75631,0.53339,19.44660,0.98668,1,0,0.00000,13,4.30498,1,4.45364,1,0.00000,0,0.00000,0,0.00000,0,1,1,0,0.00000,0,,0.00000,0.00000,
0,NewMedia0,282,4.72662,55358709168,0.93880,0.18499,4.41901,0.30762,13,1,0.93227,0.16455,1,0.36042,0.24815,0,,0.89795,0.12684,1,0.96660,0.20226,1,0.37137,0.51866,18.02369,0.98668,1,0.75636,0.53357,19.43802,0.98668,1,0,0.00000,13,4.32342,1,4.42767,1,0.00000,0,0.00000,0,0.00000,0,1,1,0,0.00000,0,,0.00000,0.00000,
0,NewMedia0,284,4.73322,55358775602,0.93838,0.18219,4.41901,0.31421,13,1,0.93582,0.15494,1,0.36042,0.24815,0,,0.89925,0.12475,1,0.97239,0.18514,1,0.37150,0.51890,18.17179,0.98668,1,0.75640,0.53372,19.24149,0.99537,1,0,0.00000,13,4.34075,1,4.48763,1,0.00000,0,0.00000,0,0.00000,0,1,1,0,0.00000,0,,0.00000,0.00000,
0,NewMedia0,285,4.74786,55358921854,0.93737,0.18040,4.41901,0.32886,13,1,0.91827,0.14637,1,0.36042,0.24815,0,,0.90315,0.10786,1,0.93340,0.18488,1,0.37160,0.51877,18.18121,0.99537,1,0.75636,0.53394,19.29835,1.00406,1,0,0.00000,13,4.32398,1,4.41821,1,0.00000,0,0.00000,0,0.00000,0,1,1,0,0.00000,0,,0.00000,0.00000,
0,NewMedia0,286,4.76416,55359084548,0.93858,0.18040,4.41901,0.34515,13,1,0.96281,0.18048,1,0.36042,0.24815,0,,0.95683,0.18273,1,0.96878,0.17823,1,0.37160,0.51877,18.18121,1.00406,1,0.75633,0.53386,19.46001,1.01275,1,0,0.00000,13,4.32435,1,4.44296,1,0.00000,0,0.00000,0,0.00000,0,1,1,0,0.00000,0,,0.00000,0.00000,
0,NewMedia0,287,4.79004,55359343698,0.93972,0.18006,4.41901,0.37103,13,1,0.96364,0.17289,1,0.36042,0.24815,0,,0.95850,0.16756,1,0.96878,0.17823,1,0.37160,0.51877,18.18121,1.01275,1,0.75633,0.53386,19.46001,1.01275,1,0,0.00000,13,4.32435,1,4.44296,1,0.00000,0,0.00000,0,0.00000,0,1,1,0,0.00000,0,,0.00000,0.00000,
0,NewMedia0,288,4.81323,55359575415,0.94008,0.17642,4.41901,0.39423,13,1,0.94803,0.09642,1,0.36042,0.24815,0,,0.93454,0.06987,1,0.96152,0.12297,1,0.37152,0.51891,18.09438,1.01275,1,0.75584,0.53427,19.49795,1.00406,1,0,0.00000,13,4.41568,1,4.49231,1,0.00000,0,0.00000,0,0.00000,0,1,1,0,0.00000,0,,0.00000,0.00000,
0,NewMedia0,289,4.81464,55359589810,0.94022,0.17200,4.41901,0.39563,13,1,0.94340,0.07022,1,0.36042,0.24815,0,,0.92767,-0.00834,1,0.95914,0.14878,1,0.37156,0.51898,18.15294,1.00406,1,0.75573,0.53455,19.36558,0.99537,1,0,0.00000,13,4.41079,1,4.59813,1,0.00000,0,0.00000,0,0.00000,0,1,1,0,0.00000,0,,119.25279,21.24435,
0,NewMedia0,290,4.83826,55359825543,0.93960,0.14180,4.41901,0.39563,13,0,0.94073,0.08563,1,0.36042,0.24815,0,,0.92631,0.00857,1,0.95515,0.16269,1,0.37145,0.51941,18.17123,0.99537,1,0.75587,0.53479,19.59212,0.98668,1,0,0.00000,13,4.35731,1,4.56735,1,0.00000,0,0.00000,0,0.00000,0,1,1,0,0.00000,0,,0.00000,0.00000,
0,NewMedia0,291,4.84674,55359910486,0.93257,0.13166,4.41901,0.39563,13,0,0.92555,0.12152,1,0.36042,0.24815,0,,0.90385,0.07112,1,0.94725,0.17191,1,0.37122,0.51976,18.24088,0.98668,1,0.75593,0.53471,19.26391,0.98668,1,0,0.00000,13,4.32154,1,4.53780,1,0.00000,0,0.00000,0,0.00000,0,1,1,0,0.00000,0,,0.00000,0.00000,
0,NewMedia0,292,4.86285,55360071584,0.92884,0.13478,4.41901,0.39563,13,0,0.92137,0.14102,1,0.36042,0.24815,0,,0.91127,0.08970,1,0.93148,0.19234,1,0.37115,0.51961,18.26431,0.98668,1,0.75569,0.53418,19.38429,0.98668,1,0,0.00000,13,4.29761,1,4.47680,1,0.00000,0,0.00000,0,0.00000,0,1,1,0,0.00000,0,,0.00000,0.00000,
0,NewMedia0,293,4.87994,55360242736,0.92697,0.13634,4.83826,0.04169,14,1,0.92137,0.14102,1,0.36042,0.24815,0,,0.91127,0.08970,1,0.93148,0.19234,1,0.37118,0.51976,18.05537,0.98668,1,0.75559,0.53409,19.48562,0.98668,1,0,0.00000,13,4.30241,1,4.59408,1,0.00000,0,0.00000,0,0.00000,0,1,1,0,0.00000,0,,0.00000,0.00000,
0,NewMedia0,294,4.94025,55360845628,0.92760,0.13480,4.83826,0.10199,14,1,0.93011,0.12863,1,0.36042,0.24815,0,,0.89681,0.09215,1,0.96341,0.16510,1,0.37109,0.51958,18.13520,0.98668,1,0.75548,0.53436,19.56469,0.98668,1,0,0.00000,13,4.32932,1,4.49751,1,0.00000,0,0.00000,0,0.00000,0,1,1,0,0.00000,0,,0.00000,0.00000,
0,NewMedia0,295,4.94250,55360868092,0.92559,0.13262,4.83826,0.10425,14,1,0.91556,0.12173,1,0.36042,0.24815,0,,0.87880,0.09464,1,0.95231,0.14881,1,0.37109,0.51958,18.13520,0.98668,1,0.75538,0.53427,19.83731,0.98668,1,0,0.00000,13,4.33049,1,4.46102,1,0.00000,0,0.00000,0,0.00000,0,1,1,0,0.00000,0,,0.00000,0.00000,
0,NewMedia0,296,4.94623,55360905501,0.92416,0.13106,4.83826,0.10797,14,1,0.91556,0.12173,1,0.36042,0.24815,0,,0.87880,0.09464,1,0.95231,0.14881,1,0.37064,0.52028,18.25764,0.98668,1,0.75509,0.53462,19.91871,0.98668,1,0,0.00000,13,4.25723,1,4.44864,1,0.00000,0,0.00000,0,0.00000,0,1,1,0,0.00000,0,,0.00000,0.00000,
0,NewMedia0,297,4.94763,55360919265,0.92304,0.16260,4.83826,0.10938,14,1,0.91522,0.38334,1,0.36042,0.24815,0,,0.90071,0.38074,1,0.92972,0.38595,1,0.36948,0.52285,18.29173,0.98668,1,0.75408,0.53717,19.39070,0.98668,1,0,0.00000,13,4.21395,1,4.46611,1,0.00000,0,0.00000,0,0.00000,0,1,1,0,0.00000,0,,0.00000,0.00000,
0,NewMedia0,298,4.96149,55361057841,0.91884,0.20385,4.83826,0.12323,14,1,0.88520,0.53389,1,0.36042,0.24815,0,,0.91183,0.52627,1,0.85858,0.54151,1,0.36944,0.52437,18.37380,0.98668,1,0.75358,0.53992,19.12003,0.98668,1,0,0.00000,13,4.35878,1,4.88809,1,0.00000,0,0.00000,0,0.00000,0,1,1,0,0.00000,0,,0.00000,0.00000,
0,NewMedia0,299,4.97778,55361220874,0.91526,0.23785,4.83826,0.13953,14,1,0.88308,0.54382,1,0.36042,0.24815,0,,0.91043,0.53704,1,0.85572,0.55060,1,0.36913,0.52611,18.06123,0.97887,1,0.75280,0.54165,19.60806,0.97887,1,0,0.00000,13,4.10735,1,4.48845,1,0.00000,0,0.00000,0,0.00000,0,1,1,0,0.00000,0,,0.00000,0.00000,
0,NewMedia0,300,4.99792,55361422302,0.91101,0.26484,4.83826,0.15967,14,1,0.86854,0.53479,1,0.36042,0.24815,0,,0.88062,0.48383,1,0.85646,0.58574,1,0.36903,0.52582,18.13354,0.97106,1,0.75291,0.54177,19.48367,0.97106,1,0,0.00000,13,4.09745,1,4.49367,1,0.00000,0,0.00000,0,0.00000,0,1,1,0,0.00000,0,,0.00000,0.00000,
0,NewMedia0,301,5.02002,55361643109,0.90761,0.28875,4.83826,0.18176,14,1,0.87020,0.55169,1,0.36042,0.24815,0,,0.87672,0.52751,1,0.86369,0.57588,1,0.36881,0.52575,17.89888,0.96324,1,0.75291,0.54177,19.48367,0.96324,1,0,0.00000,13,4.14438,1,4.49117,1,0.00000,0,0.00000,0,0.00000,0,1,1,0,0.00000,0,,0.00000,0.00000,
0,NewMedia0,302,5.03186,55361761991,0.90474,0.30897,4.83826,0.19360,14,1,0.87020,0.55169,1,0.36042,0.24815,0,,0.87672,0.52751,1,0.86369,0.57588,1,0.36876,0.52597,18.03912,0.96324,1,0.75293,0.54179,19.43949,0.96324,1,0,0.00000,13,4.15881,1,4.49474,1,0.00000,0,0.00000,0,0.00000,0,1,1,0,0.00000,0,,162.85925,245.27359,
0,NewMedia0,303,5.05865,55362029467,0.89702,0.35753,4.83826,0.19360,14,0,0.86779,0.53704,1,0.36042,0.24815,0,,0.87287,0.51484,1,0.86272,0.55925,1,0.36869,0.52613,18.23671,0.97106,1,0.75301,0.54169,19.59522,0.97106,1,0,0.00000,13,4.09826,1,4.49332,1,0.00000,0,0.00000,0,0.00000,0,1,1,0,0.00000,0,,0.00000,0.00000,
0,NewMedia0,304,5.06274,55362070370,0.88326,0.44443,4.83826,0.19360,14,0,0.86950,0.53133,1,0.36042,0.24815,0,,0.87128,0.48566,1,0.86772,0.57701,1,0.36876,0.52565,18.44620,0.97887,1,0.75295,0.54187,19.37448,0.97887,1,0,0.00000,13,4.16160,1,4.52918,1,0.00000,0,0.00000,0,0.00000,0,1,1,0,0.00000,0,,0.00000,0.00000,
0,NewMedia0,305,5.07654,55362208503,0.87935,0.47006,4.83826,0.19360,14,0,0.87152,0.52132,1,0.36042,0.24815,0,,0.87238,0.47451,1,0.87067,0.56814,1,0.36870,0.52521,18.16471,0.98668,1,0.75295,0.54187,19.37448,0.98668,1,0,0.00000,13,4.18407,1,4.52842,1,0.00000,0,0.00000,0,0.00000,0,1,1,0,0.00000,0,,0.00000,0.00000,
0,NewMedia0,306,5.10803,55362523613,0.87134,0.52521,4.83826,0.19360,14,0,0.87301,0.52298,1,0.36042,0.24815,0,,0.87512,0.49285,1,0.87089,0.55311,1,0.36869,0.52519,18.13172,0.98668,1,0.75305,0.54187,19.14860,0.98668,1,0,0.00000,13,4.20412,1,4.56809,1,0.00000,0,0.00000,0,0.00000,0,1,1,0,0.00000,0,,0.00000,0.00000,
0,NewMedia0,307,5.11560,55362599119,0.87493,0.52971,4.83826,0.19360,14,0,0.87852,0.53421,1,0.36042,0.24815,0,,0.87228,0.49631,1,0.88476,0.57211,1,0.36854,0.52571,17.85720,0.98668,1,0.75312,0.54179,19.30363,0.98668,1,0,0.00000,13,4.14889,1,4.55839,1,0.00000,0,0.00000,0,0.00000,0,1,1,0,0.00000,0,,0.00000,0.00000,
0,NewMedia0,308,5.13843,55362827529,0.87613,0.53121,4.83826,0.19360,14,0,0.87852,0.53421,1,0.36042,0.24815,0,,0.87228,0.49631,1,0.88476,0.57211,1,0.36857,0.52586,17.88888,0.98668,1,0.75312,0.54179,19.30363,0.98668,1,0,0.00000,13,4.12103,1,4.55872,1,0.00000,0,0.00000,0,0.00000,0,1,1,0,0.00000,0,,0.00000,0.00000,
0,NewMedia0,309,5.15009,55362944222,0.87753,0.53758,5.10803,0.04205,15,1,0.88174,0.55667,1,0.36042,0.24815,0,,0.87701,0.51642,1,0.88648,0.59692,1,0.36866,0.52614,18.16011,0.98668,1,0.75316,0.54186,19.05325,0.98668,1,0,0.00000,13,4.11764,1,4.58551,1,0.00000,0,0.00000,0,0.00000,0,1,1,0,0.00000,0,,0.00000,0.00000,
0,NewMedia0,310,5.16956,55363139018,0.87957,0.54004,5.10803,0.06152,15,1,0.88774,0.54989,1,0.36042,0.24815,0,,0.87631,0.51511,1,0.89917,0.58468,1,0.36869,0.52616,18.13674,0.98668,1,0.75335,0.54179,19.47108,0.98668,1,0,0.00000,13,4.12971,1,4.55974,1,0.00000,0,0.00000,0,0.00000,0,1,1,0,0.00000,0,,0.00000,0.00000,
0,NewMedia0,311,5.17609,55363203812,0.88093,0.54168,5.10803,0.06805,15,1,0.88774,0.54989,1,0.36042,0.24815,0,,0.87631,0.51511,1,0.89917,0.58468,1,0.36895,0.52615,18.72934,0.98668,1,0.75347,0.54198,19.39093,0.98668,1,0,0.00000,13,4.14210,1,4.52087,1,0.00000,0,0.00000,0,0.00000,0,1,1,0,0.00000,0,,0.00000,0.00000,
0,NewMedia0,312,5.19147,55363358026,0.88498,0.54513,5.10803,0.08344,15,1,0.90924,0.56578,1,0.36042,0.24815,0,,0.90631,0.53944,1,0.91218,0.59213,1,0.36915,0.52615,18.45270,0.98668,1,0.75360,0.54212,19.19149,0.98668,1,0,0.00000,13,4.10517,1,4.55888,1,0.00000,0,0.00000,0,0.00000,0,1,1,0,0.00000,0,,0.00000,0.00000,
0,NewMedia0,313,5.20892,55363532237,0.88373,0.54120,5.10803,0.10089,15,1,0.87498,0.51370,1,0.36042,0.24815,0,,0.85729,0.53723,1,0.89266,0.49018,1,0.36943,0.52697,18.01992,0.98668,1,0.75393,0.54283,19.37228,0.98668,1,0,0.00000,13,4.16945,1,4.56004,1,0.00000,0,0.00000,0,0.00000,0,1,1,0,0.00000,0,,0.00000,0.00000,
0,NewMedia0,314,5.24127,55363856137,0.88302,0.53686,5.10803,0.13324,15,1,0.87734,0.50217,1,0.36042,0.24815,0,,0.85845,0.52512,1,0.89622,0.47922,1,0.37046,0.52869,17.87076,0.99561,1,0.75440,0.54452,19.38593,0.99561,1,0,0.00000,13,4.30391,1,4.59067,1,0.00000,0,0.00000,0,0.00000,0,1,1,0,0.00000,0,,0.00000,0.00000,
0,NewMedia0,315,5.28418,55364284785,0.89119,0.56699,5.10803,0.17615,15,1,0.96472,0.83813,1,0.36042,0.24815,0,,0.97676,0.86891,1,0.95267,0.80736,1,0.37195,0.53302,18.47823,1.00454,1,0.75533,0.54811,19.36799,1.00454,1,0,0.00000,13,4.24763,1,4.72259,1,0.00000,0,0.00000,0,0.00000,0,1,1,0,0.00000,0,,0.00000,0.00000,
0,NewMedia0,316,5.28998,55364342658,0.89772,0.59194,5.10803,0.18195,15,1,0.96300,0.84145,1,0.36042,0.24815,0,,0.97676,0.86891,1,0.94923,0.81398,1,0.37226,0.53360,18.17573,1.00454,1,0.75560,0.54915,19.40414,0.99693,1,0,0.00000,13,4.27383,1,4.61766,1,0.00000,0,0.00000,0,0.00000,0,1,1,0,0.00000,0,,0.00000,0.00000,
0,NewMedia0,317,5.29260,55364369498,0.90182,0.60287,5.10803,0.18457,15,1,0.94702,0.72316,1,0.36042,0.24815,0,,0.96519,0.72533,1,0.92885,0.72099,1,0.37241,0.53404,18.44967,0.99693,1,0.75637,0.54978,19.51248,0.98933,1,0,0.00000,13,4.16147,1,4.57468,1,0.00000,0,0.00000,0,0.00000,0,1,1,0,0.00000,0,,0.00000,0.00000,
0,NewMedia0,318,5.32312,55364674559,0.90486,0.61508,5.10803,0.21509,15,1,0.94125,0.76153,1,0.36042,0.24815,0,,0.93354,0.76839,1,0.94896,0.75466,1,0.37262,0.53421,18.17567,0.98040,1,0.75654,0.55016,19.59437,0.97280,1,0,0.00000,13,4.19261,1,4.64980,1,0.00000,0,0.00000,0,0.00000,0,1,1,0,0.00000,0,,0.00000,0.00000,
0,NewMedia0,319,5.32477,55364691136,0.90718,0.62651,5.10803,0.21674,15,1,0.93743,0.77509,1,0.36042,0.24815,0,,0.93005,0.78697,1,0.94482,0.76322,1,0.37290,0.53448,18.31317,0.96387,1,0.75683,0.55036,19.45918,0.96387,1,0,0.00000,13,4.18605,1,4.60643,1,0.00000,0,0.00000,0,0.00000,0,1,1,0,0.00000,0,,342.97522,270.78265,
0,NewMedia0,320,5.34656,55364908970,0.91844,0.66476,5.10803,0.21674,15,0,0.94903,0.79967,1,0.36042,0.24815,0,,0.93322,0.78773,1,0.96483,0.81162,1,0.37310,0.53474,18.36481,0.96387,1,0.75733,0.55091,19.10763,0.97147,1,0,0.00000,13,4.12350,1,4.57654,1,0.00000,0,0.00000,0,0.00000,0,1,1,0,0.00000,0,,0.00000,0.00000,
0,NewMedia0,321,5.37775,55365220625,0.92390,0.74565,5.10803,0.21674,15,0,0.92936,0.82654,1,0.36042,0.24815,0,,0.94331,0.82053,1,0.91541,0.83256,1,0.37319,0.53464,18.18118,0.97147,1,0.75751,0.55078,19.34257,0.97908,1,0,0.00000,13,4.14858,1,4.60704,1,0.00000,0,0.00000,0,0.00000,0,1,1,0,0.00000,0,,0.00000,0.00000,
0,NewMedia0,322,5.38837,55365326834,0.92570,0.77268,5.10803,0.21674,15,0,0.92929,0.82675,1,0.36042,0.24815,0,,0.94326,0.82075,1,0.91532,0.83274,1,0.37368,0.53487,18.16378,0.97126,1,0.75771,0.55104,19.33719,0.97887,1,0,0.00000,13,4.17523,1,4.55528,1,0.00000,0,0.00000,0,0.00000,0,1,1,0,0.00000,0,,0.00000,0.00000,
0,NewMedia0,323,5.38989,55365342004,0.94033,0.81102,5.10803,0.21674,15,0,0.96233,0.77978,1,0.36042,0.24815,0,,0.98013,0.80046,1,0.94453,0.75909,1,0.37374,0.53482,18.06190,0.97106,1,0.75814,0.55127,19.28009,0.97106,1,0,0.00000,13,4.15789,1,4.57518,1,0.00000,0,0.00000,0,0.00000,0,1,1,0,0.00000,0,,0.00000,0.00000,
0,NewMedia0,324,5.40582,55365501234,0.95321,0.80623,5.10803,0.21674,15,0,0.96609,0.80143,1,0.36042,0.24815,0,,0.98549,0.77531,1,0.94668,0.82755,1,0.37437,0.53464,18.39720,0.96324,1,0.75858,0.55090,19.80668,0.96324,1,0,0.00000,13,4.14817,1,4.56824,1,0.00000,0,0.00000,0,0.00000,0,1,1,0,0.00000,0,,0.00000,0.00000,
0,NewMedia0,325,5.44055,55365848585,0.95750,0.80463,5.10803,0.21674,15,0,0.96609,0.80143,1,0.36042,0.24815,0,,0.98549,0.77531,1,0.94668,0.82755,1,0.37497,0.53455,18.80579,0.96324,1,0.75919,0.55013,19.46770,0.96324,1,0,0.00000,13,4.18434,1,4.63494,1,0.00000,0,0.00000,0,0.00000,0,1,1,0,0.00000,0,,0.00000,0.00000,
0,NewMedia0,326,5.44910,55365933841,0.95687,0.78778,5.38989,0.05920,16,1,0.95496,0.73724,1,0.36042,0.24815,0,,0.94714,0.74840,1,0.96278,0.72608,1,0.37619,0.53153,17.52755,0.97106,1,0.75980,0.54896,19.26776,0.97106,1,0,0.00000,13,4.14602,1,4.52706,1,0.00000,0,0.00000,0,0.00000,0,1,1,0,0.00000,0,,0.00000,0.00000,
0,NewMedia0,327,5.46771,55366120021,0.95524,0.77415,5.38989,0.07782,16,1,0.94874,0.71963,1,0.36042,0.24815,0,,0.95364,0.72951,1,0.94383,0.70975,1,0.37629,0.53168,17.56406,0.97887,1,0.75989,0.54907,19.34192,0.97887,1,0,0.00000,13,4.19967,1,4.51294,1,0.00000,0,0.00000,0,0.00000,0,1,1,0,0.00000,0,,0.00000,0.00000,
0,NewMedia0,328,5.47949,55366237870,0.95416,0.76506,5.38989,0.08960,16,1,0.94874,0.71963,1,0.36042,0.24815,0,,0.95364,0.72951,1,0.94383,0.70975,1,0.37639,0.53141,17.77176,0.97887,1,0.76024,0.54861,19.36313,0.97887,1,0,0.00000,13,4.19293,1,4.53506,1,0.00000,0,0.00000,0,0.00000,0,1,1,0,0.00000,0,,0.00000,0.00000,
0,NewMedia0,329,5.48926,55366336035,0.95690,0.75609,5.38989,0.09937,16,1,0.97336,0.70226,1,0.36042,0.24815,0,,0.97071,0.69984,1,0.97600,0.70468,1,0.37641,0.53153,17.95973,0.97106,1,0.76032,0.54873,19.74738,0.97106,1,0,0.00000,13,4.20069,1,4.50834,1,0.00000,0,0.00000,0,0.00000,0,1,1,0,0.00000,0,,0.00000,0.00000,
0,NewMedia0,330,5.50696,55366512504,0.95989,0.75147,5.38989,0.11707,16,1,0.98081,0.71914,1,0.36042,0.24815,0,,0.97556,0.72818,1,0.98606,0.71009,1,0.37665,0.53149,18.04915,0.96324,1,0.76053,0.54860,19.67479,0.96324,1,0,0.00000,13,4.12091,1,4.51554,1,0.00000,0,0.00000,0,0.00000,0,1,1,0,0.00000,0,,0.00000,0.00000,
0,NewMedia0,331,5.51996,55366642715,0.96200,0.74831,5.38989,0.13007,16,1,0.97889,0.72303,1,0.36042,0.24815,0,,0.97556,0.72818,1,0.98221,0.71788,1,0.37706,0.53059,17.29259,0.96324,1,0.76090,0.54812,19.19358,0.95564,1,0,0.00000,13,4.13888,1,4.56138,1,0.00000,0,0.00000,0,0.00000,0,1,1,0,0.00000,0,,0.00000,0.00000,
0,NewMedia0,332,5.58832,55367326287,0.96147,0.74157,5.38989,0.19843,16,1,0.95673,0.68087,1,0.36042,0.24815,0,,0.95830,0.65931,1,0.95516,0.70244,1,0.37717,0.53065,17.77292,0.96345,1,0.76107,0.54818,19.14433,0.95585,1,0,0.00000,13,4.12045,1,4.56051,1,0.00000,0,0.00000,0,0.00000,0,1,1,0,0.00000,0,,0.00000,0.00000,
0,NewMedia0,334,5.59698,55367412926,0.96094,0.72696,5.38989,0.20709,16,1,0.95583,0.63569,1,0.36042,0.24815,0,,0.94332,0.64135,1,0.96834,0.63003,1,0.37743,0.53067,17.62353,0.98016,1,0.76136,0.54789,19.59525,0.98885,1,0,0.00000,13,4.17611,1,4.48304,1,0.00000,0,0.00000,0,0.00000,0,1,1,0,0.00000,0,,0.00000,0.00000,
0,NewMedia0,335,5.61292,55367572383,0.96152,0.72008,5.38989,0.22302,16,1,0.96856,0.63743,1,0.36042,0.24815,0,,0.95694,0.66522,1,0.98017,0.60964,1,0.37746,0.53068,17.54593,0.98885,1,0.76138,0.54787,19.67818,1.00515,1,0,0.00000,13,4.24664,1,4.47581,1,0.00000,0,0.00000,0,0.00000,0,1,1,0,0.00000,0,,0.00000,0.00000,
0,NewMedia0,336,5.62054,55367648376,0.96216,0.71345,5.38989,0.23065,16,1,0.97038,0.62737,1,0.36042,0.24815,0,,0.96059,0.64511,1,0.98017,0.60964,1,0.37765,0.53073,17.44528,1.00515,1,0.76176,0.54801,19.65863,1.00515,1,0,0.00000,13,4.20957,1,4.41329,1,0.00000,0,0.00000,0,0.00000,0,1,1,0,0.00000,0,,0.00000,0.00000,
0,NewMedia0,337,5.63483,55367791613,0.96318,0.70783,5.38989,0.24493,16,1,0.97753,0.62917,1,0.36042,0.24815,0,,0.97662,0.60608,1,0.97844,0.65225,1,0.37768,0.53062,17.65100,1.00515,1,0.76200,0.54797,19.03468,0.98885,1,0,0.00000,13,4.18548,1,4.48169,1,0.00000,0,0.00000,0,0.00000,0,1,1,0,0.00000,0,,138.83046,320.75702,
0,NewMedia0,338,5.65857,55368028865,0.96632,0.67514,5.38989,0.24493,16,0,0.97562,0.63527,1,0.36042,0.24815,0,,0.97683,0.61510,1,0.97441,0.65544,1,0.37775,0.53075,17.57271,0.98885,1,0.76214,0.54807,19.15450,0.97256,1,0,0.00000,13,4.14460,1,4.51714,1,0.00000,0,0.00000,0,0.00000,0,1,1,0,0.00000,0,,0.00000,0.00000,
0,NewMedia0,339,5.72510,55368693866,0.96657,0.66944,5.38989,0.24493,16,0,0.96682,0.66375,1,0.36042,0.24815,0,,0.97102,0.64621,1,0.96262,0.68128,1,0.37801,0.53050,17.60807,0.96475,1,0.76232,0.54806,18.93351,0.94845,1,0,0.00000,13,4.07373,1,4.55570,1,0.00000,0,0.00000,0,0.00000,0,1,1,0,0.00000,0,,0.00000,0.00000,
0,NewMedia0,340,5.72705,55368713561,0.96585,0.68941,5.38989,0.24493,16,0,0.96440,0.72936,1,0.36042,0.24815,0,,0.98255,0.72974,1,0.94625,0.72898,1,0.37830,0.53083,17.16289,0.94064,1,0.76245,0.54844,18.85959,0.94064,1,0,0.00000,13,4.12020,1,4.52583,1,0.00000,0,0.00000,0,0.00000,0,1,1,0,0.00000,0,,0.00000,0.00000,
0,NewMedia0,341,5.73224,55368765258,0.96666,0.69378,5.65857,0.07367,17,1,0.96908,0.70687,1,0.36042,0.24815,0,,0.98279,0.70257,1,0.95536,0.71117,1,0.37828,0.53088,17.34040,0.93283,1,0.76254,0.54817,19.04282,0.93283,1,0,0.00000,13,4.09806,1,4.43417,1,0.00000,0,0.00000,0,0.00000,0,1,1,0,0.00000,0,,0.00000,0.00000,
0,NewMedia0,343,5.73486,55368791611,0.96881,0.68752,5.65857,0.07629,17,1,0.96981,0.66208,1,0.36042,0.24815,0,,0.96624,0.67036,1,0.97338,0.65380,1,0.37867,0.53082,17.48841,0.97479,1,0.76270,0.54828,18.89295,0.99109,1,0,0.00000,13,4.11939,1,4.40050,1,0.00000,0,0.00000,0,0.00000,0,1,1,0,0.00000,0,,0.00000,0.00000,
0,NewMedia0,344,5.76825,55369125649,0.97209,0.67908,5.65857,0.10968,17,1,0.99180,0.62848,1,0.36042,0.24815,0,,0.99045,0.62695,1,0.99314,0.63001,1,0.37876,0.53083,17.53959,1.00783,1,0.76289,0.54835,19.31562,1.02412,1,0,0.00000,13,4.06880,1,4.37268,1,0.00000,0,0.00000,0,0.00000,0,1,1,0,0.00000,0,,0.00000,0.00000,
0,NewMedia0,345,5.77081,55369151310,0.97557,0.66905,5.65857,0.11224,17,1,0.99989,0.59885,1,0.36042,0.24815,0,,0.99858,0.58529,1,1.00121,0.61240,1,0.37884,0.53080,17.34748,1.04086,1,0.76319,0.54834,19.04703,1.04086,1,0,0.00000,13,4.09791,1,4.36751,1,0.00000,0,0.00000,0,0.00000,0,1,1,0,0.00000,0,,0.00000,0.00000,
0,NewMedia0,346,5.78369,55369280392,0.97708,0.66397,5.65857,0.12512,17,1,0.98921,0.62327,1,0.36042,0.24815,0,,0.97417,0.60660,1,1.00424,0.63993,1,0.37894,0.53085,17.38689,1.04086,1,0.76334,0.54850,18.66460,1.02457,1,0,0.00000,13,4.08340,1,4.40219,1,0.00000,0,0.00000,0,0.00000,0,1,1,0,0.00000,0,,0.00000,0.00000,
0,NewMedia0,347,5.82611,55369704017,0.97745,0.66132,5.65857,0.16754,17,1,0.98072,0.63749,1,0.36042,0.24815,0,,0.99203,0.59026,1,0.96941,0.68471,1,0.37907,0.53068,17.23781,1.02457,1,0.76334,0.54850,18.66460,1.00827,1,0,0.00000,13,4.08370,1,4.40361,1,0.00000,0,0.00000,0,0.00000,0,1,1,0,0.00000,0,,0.00000,0.00000,
0,NewMedia0,348,5.83301,55369773516,0.97668,0.66257,5.65857,0.17444,17,1,0.96897,0.67507,1,0.36042,0.24815,0,,0.98395,0.63237,1,0.95398,0.71777,1,0.37922,0.53034,16.99752,0.99153,1,0.76352,0.54871,18.50587,0.97524,1,0,0.00000,13,4.00646,1,4.42146,1,0.00000,0,0.00000,0,0.00000,0,1,1,0,0.00000,0,,0.00000,0.00000,
0,NewMedia0,349,5.83667,55369810146,0.97518,0.66516,5.65857,0.17810,17,1,0.95875,0.69365,1,0.36042,0.24815,0,,0.96383,0.69563,1,0.95367,0.69166,1,0.37933,0.53032,16.97332,0.95850,1,0.76357,0.54845,18.62270,0.95850,1,0,0.00000,13,3.95414,1,4.34513,1,0.00000,0,0.00000,0,0.00000,0,1,1,0,0.00000,0,,0.00000,0.00000,
0,NewMedia0,350,5.84875,55369930949,0.97362,0.66799,5.65857,0.19019,17,1,0.95491,0.70200,1,0.36042,0.24815,0,,0.97289,0.68531,1,0.93694,0.71870,1,0.37920,0.53041,16.93676,0.94176,1,0.76352,0.54838,18.57571,0.94176,1,0,0.00000,13,4.00441,1,4.33444,1,0.00000,0,0.00000,0,0.00000,0,1,1,0,0.00000,0,,0.00000,0.00000,
0,NewMedia0,351,5.87500,55370193223,0.97198,0.67152,5.65857,0.21643,17,1,0.95067,0.71737,1,0.36042,0.24815,0,,0.96866,0.70663,1,0.93268,0.72810,1,0.37930,0.53037,16.99533,0.92501,1,0.76340,0.54827,18.74311,0.93262,1,0,0.00000,13,3.95945,1,4.33801,1,0.00000,0,0.00000,0,0.00000,0,1,1,0,0.00000,0,,0.00000,0.00000,
0,NewMedia0,352,5.90204,55370463680,0.97038,0.67375,5.65857,0.24347,17,1,0.94795,0.70503,1,0.36042,0.24815,0,,0.93678,0.69133,1,0.95912,0.71873,1,0.37893,0.53071,17.16326,0.93262,1,0.76330,0.54825,18.96868,0.94022,1,0,0.00000,13,4.06780,1,4.32713,1,0.00000,0,0.00000,0,0.00000,0,1,1,0,0.00000,0,,0.00000,0.00000,
0,NewMedia0,353,5.90601,55370503033,0.96848,0.67476,5.65857,0.24744,17,1,0.94000,0.68979,1,0.36042,0.24815,0,,0.94314,0.70722,1,0.93686,0.67235,1,0.37868,0.53027,16.78377,0.94022,1,0.76269,0.54813,19.05104,0.94783,1,0,0.00000,13,4.11271,1,4.31275,1,0.00000,0,0.00000,0,0.00000,0,1,1,0,0.00000,0,,0.00000,0.00000,
0,NewMedia0,354,5.91821,55370625427,0.96712,0.67459,5.65857,0.25964,17,1,0.94530,0.67187,1,0.36042,0.24815,0,,0.94660,0.68800,1,0.94399,0.65574,1,0.37837,0.53041,16.79741,0.95564,1,0.76238,0.54820,19.20758,0.96324,1,0,0.00000,13,4.00981,1,4.30146,1,0.00000,0,0.00000,0,0.00000,0,1,1,0,0.00000,0,,0.00000,0.00000,
0,NewMedia0,355,5.94354,55370878608,0.96841,0.67326,5.65857,0.28497,17,1,0.99037,0.65064,1,0.36042,0.24815,0,,0.98914,0.64642,1,0.99160,0.65485,1,0.37831,0.53042,16.58632,0.97106,1,0.76226,0.54793,18.77619,0.97106,1,0,0.00000,13,4.00708,1,4.31173,1,0.00000,0,0.00000,0,0.00000,0,1,1,0,0.00000,0,,0.00000,0.00000,
0,NewMedia0,356,5.95074,55370950557,0.96840,0.67207,5.65857,0.29218,17,1,0.96812,0.65075,1,0.36042,0.24815,0,,0.96498,0.66589,1,0.97127,0.63560,1,0.37834,0.53041,16.79529,0.97887,1,0.76212,0.54793,18.53362,0.97887,1,0,0.00000,13,4.16508,1,4.33863,1,0.00000,0,0.00000,0,0.00000,0,1,1,0,0.00000,0,,0.00000,0.00000,
0,NewMedia0,357,5.96393,55371082212,0.96852,0.67055,5.65857,0.30536,17,1,0.97092,0.64162,1,0.36042,0.24815,0,,0.96680,0.65614,1,0.97504,0.62709,1,0.37767,0.53075,17.01411,0.98668,1,0.76190,0.54779,18.53974,0.98668,1,0,0.00000,13,4.08616,1,4.33918,1,0.00000,0,0.00000,0,0.00000,0,1,1,0,0.00000,0,,0.00000,0.00000,
0,NewMedia0,358,5.99084,55371351883,0.96852,0.66830,5.65857,0.33228,17,1,0.96842,0.62333,1,0.36042,0.24815,0,,0.98130,0.64316,1,0.95554,0.60349,1,0.37696,0.53050,16.36488,0.98668,1,0.76154,0.54794,18.36203,0.98668,1,0,0.00000,13,4.25736,1,4.37000,1,0.00000,0,0.00000,0,0.00000,0,1,1,0,0.00000,0,,0.00000,0.00000,
0,NewMedia0,359,6.00525,55371495747,0.96824,0.66622,5.65857,0.34668,17,1,0.96232,0.62256,1,0.36042,0.24815,0,,0.98417,0.61488,1,0.94046,0.63024,1,0.37687,0.53051,16.26307,0.98668,1,0.76120,0.54769,19.00416,0.98668,1,0,0.00000,13,4.24266,1,4.28440,1,0.00000,0,0.00000,0,0.00000,0,1,1,0,0.00000,0,,0.00000,0.00000,
0,NewMedia0,360,6.03217,55371764928,0.96798,0.66432,5.65857,0.37360,17,1,0.96232,0.62256,1,0.36042,0.24815,0,,0.98417,0.61488,1,0.94046,0.63024,1,0.37716,0.53046,16.42058,0.98668,1,0.76111,0.54779,18.74916,0.98668,1,0,0.00000,13,3.99201,1,4.29998,1,0.00000,0,0.00000,0,0.00000,0,1,1,0,0.00000,0,,0.00000,0.00000,
0,NewMedia0,361,6.04071,55371850311,0.96872,0.66234,5.65857,0.38214,17,1,0.98586,0.61681,1,0.36042,0.24815,0,,1.00215,0.62855,1,0.96956,0.60507,1,0.37699,0.53075,16.44814,0.98668,1,0.76101,0.54781,18.88702,0.98668,1,0,0.00000,13,3.99059,1,4.23164,1,0.00000,0,0.00000,0,0.00000,0,1,1,0,0.00000,0,,0.00000,0.00000,
0,NewMedia0,362,6.04944,55371937309,0.96925,0.66160,5.65857,0.39087,17,1,0.98184,0.64379,1,0.36042,0.24815,0,,1.00101,0.66423,1,0.96267,0.62334,1,0.37704,0.53086,16.44403,0.98668,1,0.76043,0.54784,19.44399,0.98668,1,0,0.00000,13,3.96218,1,4.27663,1,0.00000,0,0.00000,0,0.00000,0,1,1,0,0.00000,0,,0.00000,0.00000,
0,NewMedia0,363,6.06403,55372083201,0.96962,0.66127,5.65857,0.40546,17,1,0.97897,0.65292,1,0.36042,0.24815,0,,0.99894,0.67396,1,0.95900,0.63187,1,0.37689,0.53117,16.50268,0.97887,1,0.76033,0.54794,19.24760,0.97887,1,0,0.00000,13,3.91147,1,4.23745,1,0.00000,0,0.00000,0,0.00000,0,1,1,0,0.00000,0,,0.00000,0.00000,
0,NewMedia0,364,6.07867,55372229754,0.96986,0.66299,5.65857,0.42010,17,1,0.97601,0.70772,1,0.36042,0.24815,0,,0.99422,0.71231,1,0.95781,0.70313,1,0.37645,0.53186,17.09338,0.97106,1,0.76051,0.54842,18.18941,0.97106,1,0,0.00000,13,3.98199,1,4.21548,1,0.00000,0,0.00000,0,0.00000,0,1,1,0,0.00000,0,,0.00000,0.00000,
0,NewMedia0,365,6.10272,55372470380,0.96942,0.66345,5.65857,0.44415,17,1,0.95769,0.67590,1,0.36042,0.24815,0,,0.96277,0.63932,1,0.95262,0.71248,1,0.37634,0.53224,16.91967,0.96324,1,0.76054,0.54852,18.20404,0.96324,1,0,0.00000,13,3.91573,1,4.23260,1,0.00000,0,0.00000,0,0.00000,0,1,1,0,0.00000,0,,0.00000,0.00000,
0,NewMedia0,366,6.13110,55372754294,0.96909,0.66373,5.65857,0.47253,17,1,0.95974,0.67148,1,0.36042,0.24815,0,,0.96277,0.63932,1,0.95672,0.70364,1,0.37636,0.53225,16.86076,0.96324,1,0.76033,0.54864,18.40461,0.97193,1,0,0.00000,13,3.90536,1,4.20982,1,0.00000,0,0.00000,0,0.00000,0,1,1,0,0.00000,0,,0.00000,0.00000,
0,NewMedia0,367,6.13269,55372769977,0.96924,0.66248,5.65857,0.47412,17,1,0.97366,0.62649,1,0.36042,0.24815,0,,0.95113,0.61314,1,0.99619,0.63983,1,0.37585,0.53279,16.68509,0.97975,1,0.76005,0.54946,18.27076,0.98844,1,0,0.00000,13,3.91535,1,4.29601,1,0.00000,0,0.00000,0,0.00000,0,1,1,0,0.00000,0,,0.00000,0.00000,
0,NewMedia0,368,6.16083,55373051703,0.96940,0.66127,5.65857,0.50226,17,1,0.97406,0.62474,1,0.36042,0.24815,0,,0.94769,0.61540,1,1.00044,0.63408,1,0.37588,0.53286,16.49688,0.99625,1,0.75984,0.54934,18.80859,1.00494,1,0,0.00000,13,3.93499,1,4.20186,1,0.00000,0,0.00000,0,0.00000,0,1,1,0,0.00000,0,,0.00000,0.00000,
0,NewMedia0,369,6.16345,55373077763,0.96960,0.65979,5.65857,0.50488,17,1,0.97586,0.61408,1,0.36042,0.24815,0,,0.95118,0.59431,1,1.00054,0.63385,1,0.37550,0.53331,15.85661,1.01275,1,0.75937,0.54942,19.00909,1.00515,1,0,0.00000,13,4.29204,1,4.29122,1,0.00000,0,0.00000,0,0.00000,0,1,1,0,0.00000,0,,0.00000,0.00000,
0,NewMedia0,370,6.17719,55373214888,0.96905,0.65962,5.65857,0.51862,17,1,0.95155,0.65400,1,0.36042,0.24815,0,,0.92640,0.65398,1,0.97670,0.65401,1,0.37582,0.53320,15.85690,1.00515,1,0.75959,0.54981,18.53288,0.98885,1,0,0.00000,13,4.41584,1,4.23757,1,0.00000,0,0.00000,0,0.00000,0,1,1,0,0.00000,0,,0.00000,0.00000,
0,NewMedia0,371,6.19592,55373402361,0.96874,0.66074,5.65857,0.53735,17,1,0.95859,0.69769,1,0.36042,0.24815,0,,0.95434,0.72203,1,0.96283,0.67334,1,0.37494,0.53367,15.97475,0.98885,1,0.75940,0.55023,18.68708,0.97256,1,0,0.00000,13,4.54645,1,4.27110,1,0.00000,0,0.00000,0,0.00000,0,1,1,0,0.00000,0,,0.00000,0.00000,
0,NewMedia0,372,6.22028,55373645810,0.96834,0.66219,5.65857,0.56171,17,1,0.95467,0.71178,1,0.36042,0.24815,0,,0.95066,0.74108,1,0.95869,0.68248,1,0.37551,0.53483,16.33476,0.97256,1,0.75926,0.55140,18.52064,0.96387,1,0,0.00000,13,4.16688,1,4.33830,1,0.00000,0,0.00000,0,0.00000,0,1,1,0,0.00000,0,,0.00000,0.00000,
0,NewMedia0,373,6.26129,55374056167,0.96881,0.66795,5.65857,0.60272,17,1,0.98500,0.86930,1,0.36042,0.24815,0,,1.00070,0.90783,1,0.96930,0.83076,1,0.37633,0.53820,17.37420,0.96387,1,0.75921,0.55389,18.40849,0.97147,1,0,0.00000,13,3.83932,1,4.27141,1,0.00000,0,0.00000,0,0.00000,0,1,1,0,0.00000,0,,44.40619,75.91123,
0,NewMedia0,374,6.26733,55374116519,0.96863,0.70028,5.65857,0.60272,17,0,0.97776,0.89733,1,0.36042,0.24815,0,,0.97759,0.89426,1,0.97794,0.90040,1,0.37616,0.53806,17.46816,0.97147,1,0.75934,0.55401,18.31556,0.97908,1,0,0.00000,13,3.87592,1,4.32910,1,0.00000,0,0.00000,0,0.00000,0,1,1,0,0.00000,0,,0.00000,0.00000,
0,NewMedia0,375,6.26904,55374133578,0.97462,0.79539,5.65857,0.60272,17,0,0.98062,0.89049,1,0.36042,0.24815,0,,0.97956,0.88663,1,0.98167,0.89435,1,0.37614,0.53822,17.49021,0.97908,1,0.75928,0.55403,18.50850,0.98668,1,0,0.00000,13,3.87928,1,4.25958,1,0.00000,0,0.00000,0,0.00000,0,1,1,0,0.00000,0,,0.00000,0.00000,
0,NewMedia0,376,6.28345,55374277721,0.97627,0.81611,5.65857,0.60272,17,0,0.97958,0.85755,1,0.36042,0.24815,0,,0.96900,0.85572,1,0.99015,0.85938,1,0.37613,0.53821,17.38166,0.98668,1,0.75927,0.55407,18.48646,0.98668,1,0,0.00000,13,3.88659,1,4.28973,1,0.00000,0,0.00000,0,0.00000,0,1,1,0,0.00000,0,,0.00000,0.00000,
0,NewMedia0,377,6.29443,55374387757,0.97793,0.86751,5.65857,0.60272,17,0,0.97359,0.85450,1,0.36042,0.24815,0,,0.96299,0.85335,1,0.98419,0.85565,1,0.37604,0.53812,17.44748,0.98668,1,0.75926,0.55384,18.62420,0.98668,1,0,0.00000,13,3.91110,1,4.24220,1,0.00000,0,0.00000,0,0.00000,0,1,1,0,0.00000,0,,0.00000,0.00000,
0,NewMedia0,378,6.30975,55374540903,0.97433,0.86465,5.65857,0.60272,17,0,0.97072,0.86180,1,0.36042,0.24815,0,,0.96111,0.86139,1,0.98034,0.86220,1,0.37595,0.53800,17.63486,0.97887,1,0.75926,0.55389,18.59816,0.97887,1,0,0.00000,13,3.90744,1,4.25697,1,0.00000,0,0.00000,0,0.00000,0,1,1,0,0.00000,0,,0.00000,0.00000,
0,NewMedia0,379,6.33789,55374821885,0.97287,0.86872,5.65857,0.60272,17,0,0.96994,0.87686,1,0.36042,0.24815,0,,0.95828,0.87835,1,0.98161,0.87538,1,0.37594,0.53799,17.65948,0.97106,1,0.75933,0.55386,18.44969,0.97106,1,0,0.00000,13,3.90378,1,4.26669,1,0.00000,0,0.00000,0,0.00000,0,1,1,0,0.00000,0,,0.00000,0.00000,
0,NewMedia0,380,6.34454,55374888609,0.97010,0.86572,6.29443,0.05011,18,1,0.96181,0.85669,1,0.36042,0.24815,0,,0.95638,0.88878,1,0.96723,0.82460,1,0.37597,0.53806,17.71533,0.96324,1,0.75936,0.55389,18.36009,0.96324,1,0,0.00000,13,3.89818,1,4.28317,1,0.00000,0,0.00000,0,0.00000,0,1,1,0,0.00000,0,,0.00000,0.00000,
0,NewMedia0,381,6.38708,55375314050,0.96750,0.86608,6.29443,0.09265,18,1,0.95710,0.86752,1,0.36042,0.24815,0,,0.95449,0.89670,1,0.95972,0.83834,1,0.37599,0.53807,17.70339,0.95543,1,0.75926,0.55409,18.65648,0.94783,1,0,0.00000,13,3.91007,1,4.29355,1,0.00000,0,0.00000,0,0.00000,0,1,1,0,0.00000,0,,0.00000,0.00000,
0,NewMedia0,382,6.39581,55375401129,0.96694,0.87412,6.29443,0.10138,18,1,0.96415,0.91434,1,0.36042,0.24815,0,,0.96213,0.93639,1,0.96617,0.89229,1,0.37604,0.53831,17.77680,0.94783,1,0.75933,0.55414,18.51347,0.94022,1,0,0.00000,13,3.93405,1,4.30007,1,0.00000,0,0.00000,0,0.00000,0,1,1,0,0.00000,0,,0.00000,0.00000,
0,NewMedia0,383,6.39740,55375417108,0.96596,0.88125,6.29443,0.10297,18,1,0.96005,0.92402,1,0.36042,0.24815,0,,0.96043,0.95044,1,0.95968,0.89760,1,0.37609,0.53839,17.78063,0.94022,1,0.75952,0.55431,18.54494,0.93262,1,0,0.00000,13,3.95772,1,4.34326,1,0.00000,0,0.00000,0,0.00000,0,1,1,0,0.00000,0,,0.00000,0.00000,
0,NewMedia0,384,6.40869,55375530191,0.96486,0.88745,6.29443,0.11426,18,1,0.95720,0.93088,1,0.36042,0.24815,0,,0.95849,0.95780,1,0.95590,0.90395,1,0.37609,0.53839,17.78063,0.93262,1,0.75944,0.55454,18.68766,0.92501,1,0,0.00000,13,3.95853,1,4.33533,1,0.00000,0,0.00000,0,0.00000,0,1,1,0,0.00000,0,,0.00000,0.00000,
0,NewMedia0,385,6.42365,55375679775,0.96308,0.89175,6.29443,0.12921,18,1,0.94879,0.92615,1,0.36042,0.24815,0,,0.96713,0.95598,1,0.93044,0.89631,1,0.37612,0.53847,17.81192,0.92501,1,0.75951,0.55462,18.46126,0.92501,1,0,0.00000,13,3.93132,1,4.37184,1,0.00000,0,0.00000,0,0.00000,0,1,1,0,0.00000,0,,0.00000,0.00000,
0,NewMedia0,386,6.46661,55376109285,0.96158,0.89654,6.29443,0.17218,18,1,0.94807,0.93968,1,0.36042,0.24815,0,,0.96341,0.96918,1,0.93272,0.91018,1,0.37612,0.53847,17.81192,0.92501,1,0.75948,0.55461,18.53424,0.92501,1,0,0.00000,13,3.93166,1,4.36619,1,0.00000,0,0.00000,0,0.00000,0,1,1,0,0.00000,0,,0.00000,0.00000,
0,NewMedia0,387,6.47260,55376169001,0.96077,0.89955,6.29443,0.17816,18,1,0.95272,0.92956,1,0.36042,0.24815,0,,0.96546,0.96165,1,0.93998,0.89747,1,0.37618,0.53853,17.78059,0.93283,1,0.75958,0.55452,18.58394,0.94043,1,0,0.00000,13,3.94998,1,4.37556,1,0.00000,0,0.00000,0,0.00000,0,1,1,0,0.00000,0,,0.00000,0.00000,
0,NewMedia0,388,6.47418,55376185167,0.96099,0.90041,6.29443,0.17975,18,1,0.96343,0.90987,1,0.36042,0.24815,0,,0.97278,0.95481,1,0.95408,0.86493,1,0.37625,0.53847,17.84008,0.94824,1,0.75971,0.55449,18.56351,0.95585,1,0,0.00000,13,3.95972,1,4.35825,1,0.00000,0,0.00000,0,0.00000,0,1,1,0,0.00000,0,,0.00000,0.00000,
0,NewMedia0,389,6.52173,55376660491,0.96206,0.90017,6.29443,0.22729,18,1,0.97480,0.89733,1,0.36042,0.24815,0,,0.97940,0.96285,1,0.97020,0.83182,1,0.37629,0.53834,17.94330,0.96366,1,0.75985,0.55451,18.79406,0.97126,1,0,0.00000,13,3.97373,1,4.36272,1,0.00000,0,0.00000,0,0.00000,0,1,1,0,0.00000,0,,0.00000,0.00000,
0,NewMedia0,390,6.52515,55376694684,0.96338,0.89897,6.29443,0.23071,18,1,0.98061,0.88336,1,0.36042,0.24815,0,,0.98351,0.94843,1,0.97770,0.81828,1,0.37632,0.53814,18.10870,0.97908,1,0.75985,0.55446,18.73623,0.98668,1,0,0.00000,13,3.99078,1,4.38823,1,0.00000,0,0.00000,0,0.00000,0,1,1,0,0.00000,0,,0.00000,0.00000,
0,NewMedia0,391,6.52728,55376715875,0.96373,0.89568,6.29443,0.23285,18,1,0.96865,0.84970,1,0.36042,0.24815,0,,0.99189,0.86497,1,0.94542,0.83444,1,0.37632,0.53814,18.12403,0.98668,1,0.76006,0.55451,18.69889,0.98668,1,0,0.00000,13,3.98059,1,4.48661,1,0.00000,0,0.00000,0,0.00000,0,1,1,0,0.00000,0,,0.00000,0.00000,
0,NewMedia0,392,6.53937,55376836590,0.96443,0.89394,6.29443,0.24493,18,1,0.97485,0.86777,1,0.36042,0.24815,0,,0.99927,0.89516,1,0.95042,0.84038,1,0.37632,0.53814,18.12403,0.98668,1,0.76018,0.55442,18.75907,0.98668,1,0,0.00000,13,3.97937,1,4.48957,1,0.00000,0,0.00000,0,0.00000,0,1,1,0,0.00000,0,,0.00000,0.00000,
0,NewMedia0,393,6.55511,55376994604,0.96504,0.89240,6.29443,0.26068,18,1,0.97485,0.86777,1,0.36042,0.24815,0,,0.99927,0.89516,1,0.95042,0.84038,1,0.37642,0.53809,18.09108,0.98668,1,0.76025,0.55426,19.05066,0.98668,1,0,0.00000,13,4.00534,1,4.40865,1,0.00000,0,0.00000,0,0.00000,0,1,1,0,0.00000,0,,0.00000,0.00000,
0,NewMedia0,394,6.57495,55377192969,0.96661,0.88983,6.29443,0.28052,18,1,0.99336,0.84610,1,0.36042,0.24815,0,,1.01431,0.87768,1,0.97240,0.81453,1,0.37668,0.53809,18.10032,0.98668,1,0.76014,0.55408,19.12473,0.98668,1,0,0.00000,12,4.04506,1,4.42596,1,0.00000,0,0.00000,0,0.00000,0,1,1,0,0.00000,0,,0.00000,0.00000,
0,NewMedia0,395,6.60681,55377511516,0.96769,0.88794,6.29443,0.31238,18,1,0.98715,0.85399,1,0.36042,0.24815,0,,0.99876,0.88733,1,0.97554,0.82065,1,0.37669,0.53804,18.20059,0.98668,1,0.76021,0.55413,19.26732,0.98668,1,0,0.00000,12,4.04413,1,4.44074,1,0.00000,0,0.00000,0,0.00000,0,1,1,0,0.00000,0,,0.00000,0.00000,
0,NewMedia0,396,6.61505,55377593389,0.96867,0.88624,6.29443,0.32062,18,1,0.98715,0.85399,1,0.36042,0.24815,0,,0.99876,0.88733,1,0.97554,0.82065,1,0.37669,0.53804,18.20059,0.98668,1,0.76026,0.55408,19.33773,0.98668,1,0,0.00000,12,4.04368,1,4.43547,1,0.00000,0,0.00000,0,0.00000,0,1,1,0,0.00000,0,,0.00000,0.00000,
0,NewMedia0,398,6.65466,55377990016,0.97043,0.88268,6.29443,0.36023,18,1,0.98787,0.84759,1,0.36042,0.24815,0,,0.99932,0.88740,1,0.97642,0.80779,1,0.37661,0.53814,18.24282,0.98668,1,0.76026,0.55408,19.33773,0.98668,1,0,0.00000,12,4.04427,1,4.43452,1,0.00000,0,0.00000,0,0.00000,0,1,1,0,0.00000,0,,0.00000,0.00000,
0,NewMedia0,399,6.65588,55378001715,0.97119,0.88115,6.29443,0.36145,18,1,0.98787,0.84759,1,0.36042,0.24815,0,,0.99932,0.88740,1,0.97642,0.80779,1,0.37666,0.53820,18.24028,0.98668,1,0.76032,0.55405,19.30411,0.98668,1,0,0.00000,12,4.06891,1,4.46509,1,0.00000,0,0.00000,0,0.00000,0,1,1,0,0.00000,0,,0.00000,0.00000,
0,NewMedia0,400,6.67035,55378146933,0.97167,0.88048,6.29443,0.37592,18,1,0.98273,0.86506,1,0.36042,0.24815,0,,0.99531,0.85679,1,0.97016,0.87334,1,0.37673,0.53810,18.18569,0.98668,1,0.76039,0.55407,19.20412,0.98668,1,0,0.00000,12,4.07027,1,4.45774,1,0.00000,0,0.00000,0,0.00000,0,1,1,0,0.00000,0,,0.00000,0.00000,
0,NewMedia0,401,6.70380,55378480881,0.97247,0.88021,6.29443,0.40936,18,1,0.99164,0.87361,1,0.36042,0.24815,0,,1.00906,0.88145,1,0.97422,0.86577,1,0.37668,0.53803,18.19779,0.98668,1,0.76042,0.55401,19.19425,0.98668,1,0,0.00000,12,4.04544,1,4.46816,1,0.00000,0,0.00000,0,0.00000,0,1,1,0,0.00000,0,,0.00000,0.00000,
0,NewMedia0,402,6.70648,55378508095,0.97313,0.88007,6.29443,0.41205,18,1,0.98980,0.87675,1,0.36042,0.24815,0,,1.00906,0.88145,1,0.97054,0.87205,1,0.37666,0.53799,18.18305,0.98668,1,0.76044,0.55375,19.50381,0.97908,1,0,0.00000,12,4.06129,1,4.45939,1,0.00000,0,0.00000,0,0.00000,0,1,1,0,0.00000,0,,0.00000,0.00000,
0,NewMedia0,403,6.74188,55378862026,0.97229,0.88006,6.29443,0.44745,18,1,0.95033,0.87965,1,0.36042,0.24815,0,,0.96101,0.89015,1,0.93965,0.86915,1,0.37675,0.53792,18.07481,0.97908,1,0.76054,0.55366,19.39893,0.97147,1,0,0.00000,12,4.03755,1,4.47425,1,0.00000,0,0.00000,0,0.00000,0,1,1,0,0.00000,0,,0.00000,0.00000,
0,NewMedia0,404,6.74603,55378903624,0.97158,0.87912,6.29443,0.45160,18,1,0.95236,0.85373,1,0.36042,0.24815,0,,0.97521,0.84017,1,0.92951,0.86728,1,0.37681,0.53759,18.25472,0.97147,1,0.76040,0.55341,19.44529,0.96387,1,0,0.00000,12,4.10021,1,4.49777,1,0.00000,0,0.00000,0,0.00000,0,1,1,0,0.00000,0,,0.00000,0.00000,
0,NewMedia0,405,6.76788,55379121848,0.97088,0.87838,6.29443,0.47345,18,1,0.95139,0.85776,1,0.36042,0.24815,0,,0.97327,0.84825,1,0.92951,0.86728,1,0.37697,0.53735,17.98772,0.96387,1,0.76066,0.55376,19.19606,0.96387,1,0,0.00000,12,4.08365,1,4.48494,1,0.00000,0,0.00000,0,0.00000,0,1,1,0,0.00000,0,,0.00000,0.00000,
0,NewMedia0,406,6.77344,55379177485,0.97083,0.87716,6.29443,0.47900,18,1,0.96941,0.84169,1,0.36042,0.24815,0,,0.97848,0.83830,1,0.96034,0.84507,1,0.37706,0.53727,18.19195,0.96387,1,0.76086,0.55331,19.00024,0.97147,1,0,0.00000,12,4.07721,1,4.52610,1,0.00000,0,0.00000,0,0.00000,0,1,1,0,0.00000,0,,0.00000,0.00000,
0,NewMedia0,407,6.78552,55379298661,0.97075,0.87624,6.29443,0.49109,18,1,0.96822,0.84869,1,0.36042,0.24815,0,,0.96138,0.84778,1,0.97506,0.84961,1,0.37710,0.53733,18.18319,0.97147,1,0.76110,0.55323,19.15909,0.97908,1,0,0.00000,12,4.06704,1,4.55281,1,0.00000,0,0.00000,0,0.00000,0,1,1,0,0.00000,0,,0.00000,0.00000,
0,NewMedia0,408,6.80145,55379457998,0.97061,0.87549,6.29443,0.50702,18,1,0.96629,0.85212,1,0.36042,0.24815,0,,0.96133,0.84799,1,0.97125,0.85625,1,0.37747,0.53760,18.18879,0.97126,1,0.76134,0.55334,18.96548,0.97126,1,0,0.00000,12,4.11944,1,4.54899,1,0.00000,0,0.00000,0,0.00000,0,1,1,0,0.00000,0,,0.00000,0.00000,
0,NewMedia0,409,6.83398,55379782928,0.97048,0.87543,6.29443,0.53955,18,1,0.96648,0.87355,1,0.36042,0.24815,0,,0.99440,0.85878,1,0.93857,0.88831,1,0.37773,0.53755,18.11147,0.96345,1,0.76156,0.55359,18.88530,0.95585,1,0,0.00000,12,4.05728,1,4.52839,1,0.00000,0,0.00000,0,0.00000,0,1,1,0,0.00000,0,,0.00000,0.00000,
0,NewMedia0,410,6.83783,55379821237,0.97068,0.87522,6.29443,0.54340,18,1,0.97700,0.86832,1,0.36042,0.24815,0,,0.99370,0.91238,1,0.96030,0.82426,1,0.37776,0.53740,18.27302,0.94804,1,0.76177,0.55380,18.88392,0.94043,1,0,0.00000,12,4.05229,1,4.55461,1,0.00000,0,0.00000,0,0.00000,0,1,1,0,0.00000,0,,0.00000,0.00000,
0,NewMedia0,411,6.88049,55380247920,0.97083,0.87513,6.29443,0.58606,18,1,0.97593,0.87216,1,0.36042,0.24815,0,,0.99155,0.92006,1,0.96030,0.82426,1,0.37823,0.53771,18.13680,0.94043,1,0.76203,0.55397,19.24407,0.94043,1,0,0.00000,12,4.05985,1,4.45464,1,0.00000,0,0.00000,0,0.00000,0,1,1,0,0.00000,0,,0.00000,0.00000,
0,NewMedia0,412,6.88257,55380269163,0.97075,0.87513,6.29443,0.58813,18,1,0.96822,0.87496,1,0.36042,0.24815,0,,0.98357,0.89935,1,0.95286,0.85057,1,0.37843,0.53794,17.98539,0.94824,1,0.76228,0.55412,18.98568,0.95585,1,0,0.00000,12,4.07261,1,4.53141,1,0.00000,0,0.00000,0,0.00000,0,1,1,0,0.00000,0,,0.00000,0.00000,
0,NewMedia0,413,6.88525,55380295805,0.97057,0.87504,6.29443,0.59082,18,1,0.96403,0.87174,1,0.36042,0.24815,0,,0.96248,0.88146,1,0.96558,0.86202,1,0.37864,0.53799,18.24444,0.96366,1,0.76257,0.55449,18.94631,0.97126,1,0,0.00000,12,4.05914,1,4.49157,1,0.00000,0,0.00000,0,0.00000,0,1,1,0,0.00000,0,,0.00000,0.00000,
0,NewMedia0,414,6.91797,55380622851,0.97047,0.87476,6.29443,0.62354,18,1,0.96680,0.86465,1,0.36042,0.24815,0,,0.96436,0.87368,1,0.96924,0.85561,1,0.37884,0.53829,18.23100,0.97126,1,0.76261,0.55459,18.89355,0.97887,1,0,0.00000,12,4.09964,1,4.52020,1,0.00000,0,0.00000,0,0.00000,0,1,1,0,0.00000,0,,0.00000,0.00000,
0,NewMedia0,415,6.91949,55380638202,0.97049,0.87581,6.29443,0.62506,18,1,0.97130,0.91582,1,0.36042,0.24815,0,,0.99526,0.92985,1,0.94733,0.90178,1,0.37894,0.53838,18.15746,0.97106,1,0.76305,0.55494,19.15900,0.97106,1,0,0.00000,12,4.07127,1,4.47517,1,0.00000,0,0.00000,0,0.00000,0,1,1,0,0.00000,0,,0.00000,0.00000,
0,NewMedia0,416,6.93280,55380771245,0.97069,0.87602,6.29443,0.63837,18,1,0.97824,0.88383,1,0.36042,0.24815,0,,0.99455,0.93952,1,0.96192,0.82815,1,0.37932,0.53833,18.33634,0.96324,1,0.76310,0.55495,19.02752,0.96324,1,0,0.00000,12,4.09482,1,4.52887,1,0.00000,0,0.00000,0,0.00000,0,1,1,0,0.00000,0,,0.00000,0.00000,
0,NewMedia0,417,6.96887,55381131720,0.97087,0.87621,6.29443,0.67444,18,1,0.97824,0.88383,1,0.36042,0.24815,0,,0.99455,0.93952,1,0.96192,0.82815,1,0.37944,0.53838,18.03525,0.96324,1,0.76322,0.55510,19.32391,0.96324,1,0,0.00000,12,4.09016,1,4.49626,1,0.00000,0,0.00000,0,0.00000,0,1,1,0,0.00000,0,,0.00000,0.00000,
0,NewMedia0,418,6.97070,55381150434,0.97076,0.87642,6.29443,0.67627,18,1,0.96623,0.88499,1,0.36042,0.24815,0,,0.98571,0.92407,1,0.94675,0.84591,1,0.37960,0.53843,18.19990,0.97106,1,0.76373,0.55515,18.99468,0.97106,1,0,0.00000,12,4.09382,1,4.50947,1,0.00000,0,0.00000,0,0.00000,0,1,1,0,0.00000,0,,0.00000,0.00000,
0,NewMedia0,419,7.00775,55381520984,0.97084,0.87619,6.29443,0.71332,18,1,0.97426,0.86667,1,0.36042,0.24815,0,,0.99568,0.91471,1,0.95283,0.81863,1,0.37968,0.53819,17.84296,0.97887,1,0.76361,0.55517,19.21887,0.97887,1,0,0.00000,12,4.11505,1,4.51124,1,0.00000,0,0.00000,0,0.00000,0,1,1,0,0.00000,0,,0.00000,0.00000,
0,NewMedia0,420,7.01880,55381631307,0.97095,0.87588,6.29443,0.72437,18,1,0.97538,0.86276,1,0.36042,0.24815,0,,0.99784,0.90709,1,0.95292,0.81844,1,0.37934,0.53827,18.05110,0.98668,1,0.76309,0.55524,19.41197,0.97908,1,0,0.00000,12,4.11584,1,4.50919,1,0.00000,0,0.00000,0,0.00000,0,1,1,0,0.00000,0,,0.00000,0.00000,
0,NewMedia0,421,7.02344,55381677555,0.96769,0.87637,6.29443,0.72900,18,1,0.82426,0.89769,1,0.36042,0.24815,0,,0.83207,0.92684,1,0.81646,0.86854,1,0.37635,0.53806,17.49208,0.97908,1,0.75993,0.55516,19.59620,0.97147,1,0,0.00000,12,4.24136,1,4.57613,1,0.00000,0,0.00000,0,0.00000,0,1,1,0,0.00000,0,,0.00000,0.00000,
0,NewMedia0,422,7.04669,55381910273,0.96406,0.87677,6.29443,0.75226,18,1,0.80079,0.89475,1,0.36042,0.24815,0,,0.80665,0.94937,1,0.79494,0.84013,1,0.37620,0.53797,17.31495,0.97147,1,0.75947,0.55509,19.78768,0.96387,1,0,0.00000,12,4.24281,1,4.63478,1,0.00000,0,0.00000,0,0.00000,0,1,1,0,0.00000,0,,225.70996,267.68430,
0,NewMedia0,423,7.05054,55381948594,0.93068,0.88333,6.29443,0.75226,18,0,0.80040,0.89823,1,0.36042,0.24815,0,,0.80587,0.95632,1,0.79494,0.84013,1,0.37541,0.53816,17.64776,0.96387,1,0.75880,0.55496,19.35256,0.96387,1,0,0.00000,12,4.14141,1,4.59872,1,0.00000,0,0.00000,0,0.00000,0,1,1,0,0.00000,0,,0.00000,0.00000,
0,NewMedia0,424,7.06561,55382099175,0.87618,0.86968,6.29443,0.75226,18,0,0.82168,0.85604,1,0.36042,0.24815,0,,0.82944,0.90081,1,0.81391,0.81127,1,0.37580,0.53801,17.14709,0.96387,1,0.75899,0.55485,18.98786,0.97147,1,0,0.00000,12,4.19804,1,4.58845,1,0.00000,0,0.00000,0,0.00000,0,1,1,0,0.00000,0,,0.00000,0.00000,
0,NewMedia0,425,7.10242,55382467429,0.86054,0.85560,6.29443,0.75226,18,0,0.82926,0.82744,1,0.36042,0.24815,0,,0.83024,0.86155,1,0.82828,0.79333,1,0.37560,0.53750,17.35251,0.97147,1,0.75905,0.55471,18.86913,0.97908,1,0,0.00000,12,4.06801,1,4.61787,1,0.00000,0,0.00000,0,0.00000,0,1,1,0,0.00000,0,,0.00000,0.00000,
0,NewMedia0,426,7.10443,55382487726,0.82781,0.83326,6.29443,0.75226,18,0,0.83249,0.81630,1,0.36042,0.24815,0,,0.83116,0.85383,1,0.83381,0.77878,1,0.37554,0.53738,17.25931,0.97908,1,0.75896,0.55471,19.01487,0.99537,1,0,0.00000,12,4.18609,1,4.61913,1,0.00000,0,0.00000,0,0.00000,0,1,1,0,0.00000,0,,0.00000,0.00000,
0,NewMedia0,427,7.15350,55382978486,0.75467,0.81550,6.29443,0.75226,18,0,0.68153,0.79774,1,0.36042,0.24815,0,,0.67998,0.79679,1,0.68307,0.79869,1,0.37314,0.53715,16.91430,0.99537,1,0.75640,0.55381,19.03242,1.00406,1,0,0.00000,12,4.16864,1,4.59173,1,0.00000,0,0.00000,0,0.00000,0,1,1,0,0.00000,0,,0.00000,0.00000,
0,NewMedia0,428,7.15930,55383036191,0.71246,0.80728,6.29443,0.75226,18,0,0.62804,0.79085,1,0.36042,0.24815,0,,0.62594,0.74545,1,0.63014,0.83626,1,0.37193,0.53669,17.08883,1.00406,1,0.75489,0.55350,19.45177,1.01275,1,0,0.00000,12,4.17903,1,4.65812,1,0.00000,0,0.00000,0,0.00000,0,1,1,0,0.00000,0,,0.00000,0.00000,
0,NewMedia0,429,7.16876,55383130950,0.64560,0.79261,6.29443,0.75226,18,0,0.62723,0.78923,1,0.36042,0.24815,0,,0.62534,0.73618,1,0.62912,0.84227,1,0.37013,0.53642,17.30356,1.01275,1,0.75359,0.55296,18.47849,1.00515,1,0,0.00000,12,4.05340,1,4.60228,1,0.00000,0,0.00000,0,0.00000,0,1,1,0,0.00000,0,,0.00000,0.00000,
0,NewMedia0,430,7.17145,55383157908,0.62990,0.79937,6.29443,0.75226,18,0,0.61420,0.80613,1,0.36042,0.24815,0,,0.60369,0.74935,1,0.62471,0.86291,1,0.36992,0.53659,17.04365,1.00515,1,0.75321,0.55297,18.93390,0.98885,1,0,0.00000,12,4.04329,1,4.59537,1,0.00000,0,0.00000,0,0.00000,0,1,1,0,0.00000,0,,0.00000,0.00000,
0,NewMedia0,431,7.18170,55383260494,0.63002,0.80888,6.29443,0.75226,18,0,0.63027,0.82790,1,0.36042,0.24815,0,,0.64946,0.76134,1,0.61107,0.89446,1,0.36987,0.53685,17.14138,0.98885,1,0.75319,0.55302,18.78780,0.97256,1,0,0.00000,12,4.07627,1,4.63863,1,0.00000,0,0.00000,0,0.00000,0,1,1,0,0.00000,0,,0.00000,0.00000,
0,NewMedia0,432,7.19580,55383401236,0.62993,0.81736,7.16876,0.02704,19,1,0.62967,0.84280,1,0.36042,0.24815,0,,0.65024,0.77878,1,0.60910,0.90683,1,0.36967,0.53694,17.20681,0.97256,1,0.75316,0.55312,18.88464,0.95626,1,0,0.00000,12,4.08311,1,4.63352,1,0.00000,0,0.00000,0,0.00000,0,1,1,0,0.00000,0,,0.00000,0.00000,
0,NewMedia0,433,7.22314,55383674659,0.63234,0.82486,7.16876,0.05438,19,1,0.64198,0.85485,1,0.36042,0.24815,0,,0.68245,0.87865,1,0.60151,0.83105,1,0.36954,0.53693,16.99356,0.95626,1,0.75308,0.55318,18.90048,0.95626,1,0,0.00000,12,4.06666,1,4.54657,1,0.00000,0,0.00000,0,0.00000,0,1,1,0,0.00000,0,,0.00000,0.00000,
0,NewMedia0,434,7.23132,55383756498,0.62114,0.82173,7.16876,0.06256,19,1,0.56512,0.80609,1,0.36042,0.24815,0,,0.56949,0.86376,1,0.56076,0.74842,1,0.36810,0.53655,17.12539,0.95626,1,0.75201,0.55276,18.78511,0.95626,1,0,0.00000,12,3.97051,1,4.60695,1,0.00000,0,0.00000,0,0.00000,0,1,1,0,0.00000,0,,0.00000,0.00000,
0,NewMedia0,435,7.26984,55384141330,0.61318,0.81900,7.16876,0.10107,19,1,0.56539,0.80259,1,0.36042,0.24815,0,,0.56949,0.86376,1,0.56129,0.74142,1,0.36645,0.53596,16.83296,0.95626,1,0.75050,0.55291,19.22871,0.96387,1,0,0.00000,12,3.97544,1,4.60675,1,0.00000,0,0.00000,0,0.00000,0,1,1,0,0.00000,0,,0.00000,0.00000,
0,NewMedia0,436,7.28040,55384246891,0.60078,0.82223,7.16876,0.11163,19,1,0.51399,0.84488,1,0.36042,0.24815,0,,0.51324,0.86728,1,0.51474,0.82247,1,0.36411,0.53622,17.09522,0.96387,1,0.74752,0.55279,19.62419,0.97147,1,0,0.00000,12,3.87021,1,4.47723,1,0.00000,0,0.00000,0,0.00000,0,1,1,0,0.00000,0,,0.00000,0.00000,
0,NewMedia0,437,7.28577,55384300701,0.58986,0.81854,7.16876,0.11700,19,1,0.50251,0.78903,1,0.36042,0.24815,0,,0.52402,0.85196,1,0.48100,0.72611,1,0.36412,0.53613,17.17940,0.97147,1,0.74769,0.55274,19.74269,0.97908,1,0,0.00000,12,3.83203,1,4.45223,1,0.00000,0,0.00000,0,0.00000,0,1,1,0,0.00000,0,,0.00000,0.00000,
0,NewMedia0,438,7.30505,55384493589,0.58106,0.81488,7.16876,0.13629,19,1,0.50185,0.78188,1,0.36042,0.24815,0,,0.52278,0.84457,1,0.48091,0.71919,1,0.36409,0.53611,16.66674,0.97908,1,0.74751,0.55290,19.64858,0.98668,1,0,0.00000,12,3.90489,1,4.46126,1,0.00000,0,0.00000,0,0.00000,0,1,1,0,0.00000,0,,0.00000,0.00000,
0,NewMedia0,439,7.31622,55384605295,0.57412,0.81436,7.16876,0.14746,19,1,0.50480,0.80920,1,0.36042,0.24815,0,,0.52033,0.85186,1,0.48927,0.76655,1,0.36409,0.53611,16.66674,0.98668,1,0.74761,0.55300,19.54415,0.98668,1,0,0.00000,12,3.90392,1,4.45478,1,0.00000,0,0.00000,0,0.00000,0,1,1,0,0.00000,0,,0.00000,0.00000,
0,NewMedia0,440,7.32874,55384730242,0.56653,0.81426,7.16876,0.15997,19,1,0.48297,0.81317,1,0.36042,0.24815,0,,0.51909,0.86472,1,0.44686,0.76162,1,0.36403,0.53613,16.56156,0.98668,1,0.74760,0.55302,19.51894,0.98668,1,0,0.00000,12,3.89866,1,4.48994,1,0.00000,0,0.00000,0,0.00000,0,1,1,0,0.00000,0,,0.00000,0.00000,
0,NewMedia0,441,7.35388,55384981902,0.56010,0.81418,7.16876,0.18512,19,1,0.48297,0.81317,1,0.36042,0.24815,0,,0.51909,0.86472,1,0.44686,0.76162,1,0.36379,0.53639,16.64685,0.98668,1,0.74767,0.55325,19.61653,0.98668,1,0,0.00000,12,3.93141,1,4.50746,1,0.00000,0,0.00000,0,0.00000,0,1,1,0,0.00000,0,,0.00000,0.00000,
0,NewMedia0,442,7.36792,55385122677,0.55534,0.81093,7.16876,0.19916,19,1,0.49350,0.76871,1,0.36042,0.24815,0,,0.49884,0.77104,1,0.48816,0.76638,1,0.36366,0.53642,16.80812,0.98668,1,0.74757,0.55315,19.56294,0.98668,1,0,0.00000,12,3.84827,1,4.49626,1,0.00000,0,0.00000,0,0.00000,0,1,1,0,0.00000,0,,0.00000,0.00000,
0,NewMedia0,443,7.39270,55385370263,0.54898,0.80496,7.16876,0.22394,19,1,0.45984,0.72140,1,0.36042,0.24815,0,,0.47760,0.66937,1,0.44208,0.77344,1,0.36342,0.53655,16.88952,0.98668,1,0.74754,0.55316,19.62554,0.98668,1,0,0.00000,12,3.88724,1,4.48987,1,0.00000,0,0.00000,0,0.00000,0,1,1,0,0.00000,0,,800.71832,174.44182,
0,NewMedia0,444,7.41840,55385627236,0.51458,0.79413,7.16876,0.22394,19,0,0.46003,0.72463,1,0.36042,0.24815,0,,0.47760,0.66937,1,0.44246,0.77989,1,0.36335,0.53652,17.10091,0.98668,1,0.74748,0.55322,19.61557,0.97908,1,0,0.00000,12,3.92081,1,4.47888,1,0.00000,0,0.00000,0,0.00000,0,1,1,0,0.00000,0,,0.00000,0.00000,
0,NewMedia0,445,7.42065,55385649746,0.50116,0.77131,7.16876,0.22394,19,0,0.48775,0.74850,1,0.36042,0.24815,0,,0.46602,0.71250,1,0.50947,0.78449,1,0.36321,0.53676,16.85739,0.97908,1,0.74728,0.55328,19.66780,0.97147,1,0,0.00000,12,3.83638,1,4.49133,1,0.00000,0,0.00000,0,0.00000,0,1,1,0,0.00000,0,,0.00000,0.00000,
0,NewMedia0,446,7.42859,55385729197,0.49700,0.77670,7.16876,0.22394,19,0,0.48868,0.78748,1,0.36042,0.24815,0,,0.47814,0.77634,1,0.49922,0.79863,1,0.36308,0.53644,17.18087,0.97147,1,0.74726,0.55320,19.78756,0.96387,1,0,0.00000,12,3.87715,1,4.51198,1,0.00000,0,0.00000,0,0.00000,0,1,1,0,0.00000,0,,0.00000,0.00000,
0,NewMedia0,447,7.44928,55385935950,0.49531,0.78224,7.41840,0.03088,20,1,0.49024,0.79884,1,0.36042,0.24815,0,,0.48131,0.79240,1,0.49916,0.80528,1,0.36305,0.53665,16.54675,0.95606,1,0.74717,0.55321,19.22861,0.95606,1,0,0.00000,12,3.91672,1,4.48866,1,0.00000,0,0.00000,0,0.00000,0,1,1,0,0.00000,0,,0.00000,0.00000,
0,NewMedia0,448,7.45850,55386028085,0.49389,0.77939,7.41840,0.04010,20,1,0.48819,0.76801,1,0.36042,0.24815,0,,0.48915,0.75019,1,0.48724,0.78584,1,0.36305,0.53675,16.74062,0.94824,1,0.74683,0.55327,19.53756,0.95585,1,0,0.00000,12,3.87833,1,4.45641,1,0.00000,0,0.00000,0,0.00000,0,1,1,0,0.00000,0,,0.00000,0.00000,
0,NewMedia0,449,7.48969,55386340165,0.49372,0.77758,7.41840,0.07129,20,1,0.49289,0.76853,1,0.36042,0.24815,0,,0.50074,0.76477,1,0.48503,0.77229,1,0.36307,0.53675,16.61778,0.94804,1,0.74683,0.55327,19.53756,0.95564,1,0,0.00000,12,3.86598,1,4.45665,1,0.00000,0,0.00000,0,0.00000,0,1,1,0,0.00000,0,,0.00000,0.00000,
0,NewMedia0,450,7.49347,55386377827,0.49360,0.77632,7.41840,0.07507,20,1,0.49291,0.76874,1,0.36042,0.24815,0,,0.50078,0.76500,1,0.48503,0.77248,1,0.36299,0.53660,16.43754,0.94783,1,0.74730,0.55269,18.63603,0.95543,1,0,0.00000,12,3.89760,1,4.51050,1,0.00000,0,0.00000,0,0.00000,0,1,1,0,0.00000,0,,0.00000,0.00000,
0,NewMedia0,451,7.54901,55386933109,0.49044,0.77307,7.41840,0.13062,20,1,0.46827,0.75031,1,0.36042,0.24815,0,,0.46981,0.72400,1,0.46674,0.77661,1,0.36282,0.53648,16.32221,0.95543,1,0.74730,0.55263,18.61328,0.95543,1,0,0.00000,12,3.88676,1,4.50181,1,0.00000,0,0.00000,0,0.00000,0,1,1,0,0.00000,0,,0.00000,0.00000,
0,NewMedia0,452,7.55420,55386984979,0.49022,0.77108,7.41840,0.13580,20,1,0.48849,0.75518,1,0.36042,0.24815,0,,0.51155,0.73710,1,0.46543,0.77326,1,0.36279,0.53666,16.52362,0.95543,1,0.74707,0.55250,18.39510,0.95543,1,0,0.00000,12,3.88042,1,4.44695,1,0.00000,0,0.00000,0,0.00000,0,1,1,0,0.00000,0,,0.00000,0.00000,
0,NewMedia0,453,7.55566,55387000047,0.48997,0.76871,7.41840,0.13727,20,1,0.48768,0.74742,1,0.36042,0.24815,0,,0.51016,0.72846,1,0.46521,0.76639,1,0.36254,0.53670,16.62483,0.96324,1,0.74703,0.55253,18.53904,0.96324,1,0,0.00000,12,3.87438,1,4.43192,1,0.00000,0,0.00000,0,0.00000,0,1,1,0,0.00000,0,,0.00000,0.00000,
0,NewMedia0,454,7.55835,55387026808,0.49099,0.76780,7.41840,0.13995,20,1,0.50117,0.75862,1,0.36042,0.24815,0,,0.50620,0.73902,1,0.49614,0.77823,1,0.36229,0.53688,16.79096,0.97106,1,0.74711,0.55238,18.17430,0.97106,1,0,0.00000,12,3.78638,1,4.46227,1,0.00000,0,0.00000,0,0.00000,0,1,1,0,0.00000,0,,0.00000,0.00000,
0,NewMedia0,455,7.57751,55387218541,0.49172,0.76627,7.41840,0.15912,20,1,0.49976,0.74942,1,0.36042,0.24815,0,,0.50183,0.74256,1,0.49770,0.75628,1,0.36229,0.53688,16.79096,0.97887,1,0.74639,0.55310,19.46110,0.97887,1,0,0.00000,12,3.79333,1,4.40532,1,0.00000,0,0.00000,0,0.00000,0,1,1,0,0.00000,0,,0.00000,0.00000,
0,NewMedia0,456,7.59088,55387352187,0.49234,0.76497,7.41840,0.17249,20,1,0.49976,0.74942,1,0.36042,0.24815,0,,0.50183,0.74256,1,0.49770,0.75628,1,0.36225,0.53728,17.11302,0.97887,1,0.74684,0.55257,18.63452,0.97887,1,0,0.00000,12,3.85262,1,4.47049,1,0.00000,0,0.00000,0,0.00000,0,1,1,0,0.00000,0,,0.00000,0.00000,
0,NewMedia0,457,7.60645,55387507390,0.49029,0.76347,7.41840,0.18805,20,1,0.46369,0.74392,1,0.36042,0.24815,0,,0.48832,0.75608,1,0.43907,0.73177,1,0.36190,0.53788,17.12269,0.97106,1,0.74623,0.55351,19.23728,0.97106,1,0,0.00000,12,3.88291,1,4.43676,1,0.00000,0,0.00000,0,0.00000,0,1,1,0,0.00000,0,,0.00000,0.00000,
0,NewMedia0,458,7.62341,55387677391,0.48939,0.76522,7.41840,0.20502,20,1,0.47675,0.78981,1,0.36042,0.24815,0,,0.47884,0.81411,1,0.47465,0.76550,1,0.36182,0.53799,17.37226,0.96324,1,0.74615,0.55366,19.47282,0.96324,1,0,0.00000,12,3.89159,1,4.42514,1,0.00000,0,0.00000,0,0.00000,0,1,1,0,0.00000,0,,0.00000,0.00000,
0,NewMedia0,459,7.68994,55388342469,0.48860,0.76697,7.41840,0.27155,20,1,0.47681,0.79316,1,0.36042,0.24815,0,,0.47884,0.81411,1,0.47479,0.77221,1,0.36196,0.53811,17.22874,0.96324,1,0.74620,0.55357,19.17021,0.95564,1,0,0.00000,12,3.92235,1,4.46441,1,0.00000,0,0.00000,0,0.00000,0,1,1,0,0.00000,0,,0.00000,0.00000,
0,NewMedia0,461,7.69336,55388376661,0.48659,0.77204,7.41840,0.27496,20,1,0.47260,0.81011,1,0.36042,0.24815,0,,0.44973,0.83938,1,0.49547,0.78084,1,0.36171,0.53838,16.98638,0.96366,1,0.74584,0.55410,19.55762,0.95606,1,0,0.00000,12,3.94751,1,4.45560,1,0.00000,0,0.00000,0,0.00000,0,1,1,0,0.00000,0,,0.00000,0.00000,
0,NewMedia0,462,7.69464,55388389336,0.48590,0.77424,7.41840,0.27625,20,1,0.47349,0.81384,1,0.36042,0.24815,0,,0.45151,0.84683,1,0.49547,0.78084,1,0.36164,0.53833,16.66655,0.95606,1,0.74580,0.55419,19.48264,0.95606,1,0,0.00000,12,3.96140,1,4.44841,1,0.00000,0,0.00000,0,0.00000,0,1,1,0,0.00000,0,,0.00000,0.00000,
0,NewMedia0,463,7.71478,55388590730,0.48687,0.77421,7.41840,0.29639,20,1,0.50516,0.77373,1,0.36042,0.24815,0,,0.52552,0.77844,1,0.48479,0.76902,1,0.36161,0.53825,16.65520,0.94824,1,0.74584,0.55426,19.56002,0.95585,1,0,0.00000,12,3.95809,1,4.42060,1,0.00000,0,0.00000,0,0.00000,0,1,1,0,0.00000,0,,0.00000,0.00000,
0,NewMedia0,464,7.73206,55388763722,0.48820,0.77631,7.41840,0.31366,20,1,0.51477,0.81839,1,0.36042,0.24815,0,,0.53628,0.83309,1,0.49325,0.80368,1,0.36172,0.53827,16.62252,0.94804,1,0.74578,0.55415,19.24221,0.95564,1,0,0.00000,12,3.92532,1,4.46826,1,0.00000,0,0.00000,0,0.00000,0,1,1,0,0.00000,0,,0.00000,0.00000,
0,NewMedia0,465,7.73804,55388823559,0.48940,0.77807,7.41840,0.31964,20,1,0.51479,0.81488,1,0.36042,0.24815,0,,0.53632,0.83330,1,0.49326,0.79646,1,0.36163,0.53839,16.72149,0.94783,1,0.74577,0.55426,19.42747,0.96412,1,0,0.00000,12,3.90273,1,4.46030,1,0.00000,0,0.00000,0,0.00000,0,1,1,0,0.00000,0,,0.00000,0.00000,
0,NewMedia0,466,7.75879,55389030934,0.49033,0.77788,7.41840,0.34039,20,1,0.51072,0.77375,1,0.36042,0.24815,0,,0.52206,0.77533,1,0.49937,0.77217,1,0.36163,0.53839,16.72149,0.96412,1,0.74570,0.55430,19.62753,0.97281,1,0,0.00000,12,3.90341,1,4.44574,1,0.00000,0,0.00000,0,0.00000,0,1,1,0,0.00000,0,,0.00000,0.00000,
0,NewMedia0,467,7.82605,55389703638,0.49095,0.77870,7.41840,0.40765,20,1,0.50530,0.79759,1,0.36042,0.24815,0,,0.52794,0.85987,1,0.48265,0.73532,1,0.36171,0.53811,16.75503,0.97281,1,0.74577,0.55427,19.42976,0.98150,1,0,0.00000,12,3.94804,1,4.45749,1,0.00000,0,0.00000,0,0.00000,0,1,1,0,0.00000,0,,0.00000,0.00000,
0,NewMedia0,468,7.82745,55389717732,0.49150,0.77913,7.41840,0.40906,20,1,0.50456,0.78951,1,0.36042,0.24815,0,,0.52656,0.85150,1,0.48257,0.72751,1,0.36161,0.53816,16.91120,0.98150,1,0.74555,0.55413,19.50379,0.99019,1,0,0.00000,12,3.90981,1,4.44042,1,0.00000,0,0.00000,0,0.00000,0,1,1,0,0.00000,0,,0.00000,0.00000,
0,NewMedia0,470,7.84564,55389899528,0.49350,0.77384,7.41840,0.42725,20,1,0.54018,0.68478,1,0.36042,0.24815,0,,0.55237,0.67252,1,0.52799,0.69705,1,0.36263,0.53728,17.26624,0.99019,1,0.74684,0.55284,19.18912,0.99019,1,0,0.00000,12,3.86937,1,4.37718,1,0.00000,0,0.00000,0,0.00000,0,1,1,0,0.00000,0,,0.00000,0.00000,
0,NewMedia0,471,7.85571,55390000015,0.49516,0.77080,7.41840,0.43732,20,1,0.54002,0.68886,1,0.36042,0.24815,0,,0.55237,0.67252,1,0.52768,0.70519,1,0.36301,0.53629,16.64429,0.99019,1,0.74727,0.55183,18.53388,0.98150,1,0,0.00000,12,3.85276,1,4.48299,1,0.00000,0,0.00000,0,0.00000,0,1,1,0,0.00000,0,,0.00000,0.00000,
0,NewMedia0,472,7.85706,55390014032,0.49563,0.76814,7.41840,0.43866,20,1,0.50881,0.69369,1,0.36042,0.24815,0,,0.51246,0.68339,1,0.50517,0.70399,1,0.36282,0.53652,16.51779,0.98150,1,0.74713,0.55173,18.59794,0.97281,1,0,0.00000,12,3.86765,1,4.41329,1,0.00000,0,0.00000,0,0.00000,0,1,1,0,0.00000,0,,0.00000,0.00000,
0,NewMedia0,473,7.87372,55390180227,0.49583,0.76639,7.41840,0.45532,20,1,0.50163,0.71548,1,0.36042,0.24815,0,,0.50685,0.70969,1,0.49640,0.72127,1,0.36278,0.53657,16.37434,0.97281,1,0.74713,0.55173,18.59794,0.96412,1,0,0.00000,12,3.85786,1,4.41285,1,0.00000,0,0.00000,0,0.00000,0,1,1,0,0.00000,0,,0.00000,0.00000,
0,NewMedia0,474,7.88751,55390318304,0.49602,0.76464,7.41840,0.46912,20,1,0.50172,0.71233,1,0.36042,0.24815,0,,0.50701,0.71067,1,0.49643,0.71399,1,0.36281,0.53654,16.53378,0.97193,1,0.74704,0.55194,18.51267,0.97193,1,0,0.00000,12,3.85608,1,4.40962,1,0.00000,0,0.00000,0,0.00000,0,1,1,0,0.00000,0,,110.61510,156.81706,
0,NewMedia0,475,7.92236,55390667034,0.51313,0.74038,7.41840,0.46912,20,0,0.51833,0.66484,1,0.36042,0.24815,0,,0.50232,0.71336,1,0.53435,0.61631,1,0.36272,0.53651,16.56967,0.97975,1,0.74698,0.55203,18.36369,0.98844,1,0,0.00000,12,3.82432,1,4.41343,1,0.00000,0,0.00000,0,0.00000,0,1,1,0,0.00000,0,,0.00000,0.00000,
0,NewMedia0,476,7.94946,55390937900,0.53319,0.68978,7.41840,0.46912,20,0,0.55326,0.63919,1,0.36042,0.24815,0,,0.57292,0.68911,1,0.53360,0.58926,1,0.36251,0.53629,16.61166,0.99625,1,0.74658,0.55186,18.69318,1.00494,1,0,0.00000,12,3.77441,1,4.42399,1,0.00000,0,0.00000,0,0.00000,0,1,1,0,0.00000,0,,0.00000,0.00000,
0,NewMedia0,477,7.96222,55391065115,0.53967,0.66699,7.41840,0.46912,20,0,0.55263,0.62140,1,0.36042,0.24815,0,,0.57099,0.67059,1,0.53426,0.57221,1,0.36230,0.53643,16.57372,1.01275,1,0.74654,0.55184,18.66857,1.02144,1,0,0.00000,12,3.81543,1,4.42604,1,0.00000,0,0.00000,0,0.00000,0,1,1,0,0.00000,0,,0.00000,0.00000,
0,NewMedia0,478,7.96442,55391087398,0.55253,0.63365,7.41840,0.46912,20,0,0.55172,0.64038,1,0.36042,0.24815,0,,0.56793,0.68083,1,0.53551,0.59992,1,0.36224,0.53634,16.58962,1.02144,1,0.74658,0.55196,18.67876,1.02144,1,0,0.00000,12,3.82347,1,4.39618,1,0.00000,0,0.00000,0,0.00000,0,1,1,0,0.00000,0,,0.00000,0.00000,
0,NewMedia0,479,7.96997,55391143025,0.54718,0.63150,7.41840,0.46912,20,0,0.54184,0.62935,1,0.36042,0.24815,0,,0.56661,0.67353,1,0.51706,0.58516,1,0.36205,0.53665,16.20611,1.02144,1,0.74654,0.55198,18.62327,1.02144,1,0,0.00000,12,3.86176,1,4.39220,1,0.00000,0,0.00000,0,0.00000,0,1,1,0,0.00000,0,,0.00000,0.00000,
0,NewMedia0,480,7.99866,55391429906,0.54537,0.63226,7.41840,0.46912,20,0,0.54173,0.63377,1,0.36042,0.24815,0,,0.56661,0.67353,1,0.51686,0.59401,1,0.36182,0.53693,16.40340,1.02144,1,0.74651,0.55202,18.64879,1.01275,1,0,0.00000,12,3.84695,1,4.43467,1,0.00000,0,0.00000,0,0.00000,0,1,1,0,0.00000,0,,0.00000,0.00000,
0,NewMedia0,481,8.00085,55391451542,0.54084,0.63444,7.96442,0.03644,21,1,0.52724,0.64098,1,0.36042,0.24815,0,,0.54400,0.68706,1,0.51049,0.59489,1,0.36177,0.53664,16.29549,1.01275,1,0.74632,0.55182,18.57310,1.00406,1,0,0.00000,12,3.80651,1,4.40006,1,0.00000,0,0.00000,0,0.00000,0,1,1,0,0.00000,0,,0.00000,0.00000,
0,NewMedia0,482,8.02832,55391726262,0.53847,0.64087,7.96442,0.06390,21,1,0.52900,0.66662,1,0.36042,0.24815,0,,0.54521,0.69798,1,0.51278,0.63526,1,0.36178,0.53691,16.37952,1.00406,1,0.74643,0.55184,18.41121,0.99537,1,0,0.00000,12,3.86507,1,4.43071,1,0.00000,0,0.00000,0,0.00000,0,1,1,0,0.00000,0,,0.00000,0.00000,
0,NewMedia0,483,8.03387,55391781686,0.53696,0.64731,7.96442,0.06946,21,1,0.52944,0.67948,1,0.36042,0.24815,0,,0.54643,0.70753,1,0.51246,0.65143,1,0.36166,0.53680,16.42263,0.99537,1,0.74630,0.55168,18.45116,0.97908,1,0,0.00000,12,3.81610,1,4.51479,1,0.00000,0,0.00000,0,0.00000,0,1,1,0,0.00000,0,,0.00000,0.00000,
0,NewMedia0,484,8.06134,55392056490,0.53532,0.65045,7.96442,0.09692,21,1,0.52548,0.66933,1,0.36042,0.24815,0,,0.53365,0.65737,1,0.51731,0.68129,1,0.36174,0.53685,16.43198,0.97908,1,0.74651,0.55233,18.23898,0.97147,1,0,0.00000,12,3.80078,1,4.36450,1,0.00000,0,0.00000,0,0.00000,0,1,1,0,0.00000,0,,0.00000,0.00000,
0,NewMedia0,485,8.07001,55392143387,0.53408,0.65408,7.96442,0.10559,21,1,0.52538,0.67944,1,0.36042,0.24815,0,,0.53365,0.67022,1,0.51712,0.68866,1,0.36166,0.53737,17.05941,0.97147,1,0.74651,0.55233,18.23898,0.96387,1,0,0.00000,12,3.78118,1,4.36364,1,0.00000,0,0.00000,0,0.00000,0,1,1,0,0.00000,0,,0.00000,0.00000,
0,NewMedia0,486,8.09296,55392372444,0.53318,0.65739,7.96442,0.12854,21,1,0.52597,0.68386,1,0.36042,0.24815,0,,0.53483,0.67906,1,0.51712,0.68866,1,0.36164,0.53683,16.30348,0.96387,1,0.74660,0.55247,18.42649,0.96387,1,0,0.00000,12,3.82332,1,4.28851,1,0.00000,0,0.00000,0,0.00000,0,1,1,0,0.00000,0,,0.00000,0.00000,
0,NewMedia0,487,8.10034,55392446516,0.52651,0.66640,7.96442,0.13593,21,1,0.46651,0.74755,1,0.36042,0.24815,0,,0.47036,0.79482,1,0.46266,0.70028,1,0.36101,0.53800,17.05326,0.96387,1,0.74519,0.55324,19.38212,0.97147,1,0,0.00000,12,3.77520,1,4.34186,1,0.00000,0,0.00000,0,0.00000,0,1,1,0,0.00000,0,,0.00000,0.00000,
0,NewMedia0,488,8.13556,55392798782,0.51445,0.67276,7.96442,0.17114,21,1,0.39378,0.73637,1,0.36042,0.24815,0,,0.37964,0.74487,1,0.40791,0.72786,1,0.35836,0.53883,16.64432,0.97147,1,0.74218,0.55307,18.93538,0.97908,1,0,0.00000,12,4.08606,1,4.57549,1,0.00000,0,0.00000,0,0.00000,0,1,1,0,0.00000,0,,0.00000,0.00000,
0,NewMedia0,489,8.13690,55392811935,0.50442,0.67836,7.96442,0.17249,21,1,0.39414,0.73998,1,0.36042,0.24815,0,,0.37970,0.74509,1,0.40858,0.73486,1,0.35634,0.53846,17.22696,0.97126,1,0.74035,0.55385,19.72462,0.97126,1,0,0.00000,12,3.79265,1,4.39965,1,0.00000,0,0.00000,0,0.00000,0,1,1,0,0.00000,0,,0.00000,0.00000,
0,NewMedia0,490,8.17517,55393194893,0.49179,0.68764,7.96442,0.21075,21,1,0.34017,0.79893,1,0.36042,0.24815,0,,0.32795,0.77501,1,0.35238,0.82285,1,0.35453,0.53950,16.34472,0.96345,1,0.73792,0.55412,18.75056,0.95585,1,0,0.00000,12,3.86623,1,4.34380,1,0.00000,0,0.00000,0,0.00000,0,1,1,0,0.00000,0,,0.00000,0.00000,
0,NewMedia0,491,8.17682,55393211624,0.48173,0.69669,7.96442,0.21240,21,1,0.35096,0.81435,1,0.36042,0.24815,0,,0.34730,0.79660,1,0.35463,0.83210,1,0.35445,0.54012,17.00031,0.94804,1,0.73792,0.55412,18.75056,0.94043,1,0,0.00000,12,3.86615,1,4.34302,1,0.00000,0,0.00000,0,0.00000,0,1,1,0,0.00000,0,,78.34711,110.49924,
0,NewMedia0,492,8.18188,55393262148,0.45518,0.72352,7.96442,0.21240,21,0,0.35411,0.82541,1,0.36042,0.24815,0,,0.35246,0.81236,1,0.35576,0.83847,1,0.35429,0.53951,16.50694,0.93262,1,0.73805,0.55464,19.37060,0.93262,1,0,0.00000,12,3.73776,1,4.36169,1,0.00000,0,0.00000,0,0.00000,0,1,1,0,0.00000,0,,0.00000,0.00000,
0,NewMedia0,493,8.22241,55393667383,0.39474,0.78839,7.96442,0.21240,21,0,0.33429,0.85327,1,0.36042,0.24815,0,,0.33922,0.85913,1,0.32936,0.84740,1,0.35415,0.53943,16.56992,0.93262,1,0.73781,0.55474,19.24118,0.94022,1,0,0.00000,12,3.66689,1,4.33198,1,0.00000,0,0.00000,0,0.00000,0,1,1,0,0.00000,0,,0.00000,0.00000,
0,NewMedia0,494,8.22388,55393681973,0.36653,0.80916,7.96442,0.21240,21,0,0.31011,0.85068,1,0.36042,0.24815,0,,0.32782,0.84881,1,0.29240,0.85255,1,0.35346,0.54074,17.07846,0.94022,1,0.73698,0.55414,18.71232,0.94783,1,0,0.00000,12,3.74424,1,4.32016,1,0.00000,0,0.00000,0,0.00000,0,1,1,0,0.00000,0,,0.00000,0.00000,
0,NewMedia0,495,8.23358,55393778984,0.31588,0.84445,7.96442,0.21240,21,0,0.30324,0.82941,1,0.36042,0.24815,0,,0.31915,0.82517,1,0.28733,0.83364,1,0.35200,0.54027,16.09458,0.96457,1,0.73581,0.55491,19.79123,0.97217,1,0,0.00000,12,3.79379,1,4.35245,1,0.00000,0,0.00000,0,0.00000,0,1,1,0,0.00000,0,,0.00000,0.00000,
0,NewMedia0,496,8.25018,55393944912,0.22411,0.83674,7.96442,0.21240,21,0,0.13234,0.82902,1,0.36042,0.24815,0,,0.12508,0.80511,1,0.13959,0.85294,1,0.34841,0.54194,17.12377,0.98891,1,0.73147,0.55473,18.78901,0.98891,1,0,0.00000,12,3.87099,1,4.38845,1,0.00000,0,0.00000,0,0.00000,0,1,1,0,0.00000,0,,0.00000,0.00000,
0,NewMedia0,497,8.27197,55394162915,0.19425,0.84046,7.96442,0.21240,21,0,0.13453,0.84790,1,0.36042,0.24815,0,,0.13742,0.82489,1,0.13164,0.87090,1,0.34819,0.54215,17.34743,1.00565,1,0.73143,0.55497,19.15060,1.00565,1,0,0.00000,12,3.82277,1,4.30256,1,0.00000,0,0.00000,0,0.00000,0,1,1,0,0.00000,0,,0.00000,0.00000,
0,NewMedia0,498,8.28839,55394327377,0.13268,0.83953,7.96442,0.21240,21,0,0.13118,0.84168,1,0.36042,0.24815,0,,0.13349,0.81787,1,0.12887,0.86550,1,0.34741,0.54255,17.19963,1.01347,1,0.73038,0.55512,18.25517,1.01347,1,0,0.00000,12,3.88851,1,4.33221,1,0.00000,0,0.00000,0,0.00000,0,1,1,0,0.00000,0,,0.00000,0.00000,
0,NewMedia0,499,8.32538,55394697110,0.13172,0.84555,7.96442,0.21240,21,0,0.13075,0.85157,1,0.36042,0.24815,0,,0.12346,0.81417,1,0.13803,0.88897,1,0.34727,0.54238,17.16131,1.00454,1,0.73049,0.55531,18.51785,1.00454,1,0,0.00000,12,3.86125,1,4.32214,1,0.00000,0,0.00000,0,0.00000,0,1,1,0,0.00000,0,,0.00000,0.00000,
0,NewMedia0,500,8.32672,55394710333,0.13231,0.85344,7.96442,0.21240,21,0,0.13351,0.86921,1,0.36042,0.24815,0,,0.12206,0.83564,1,0.14496,0.90279,1,0.34713,0.54270,17.06594,0.99561,1,0.73049,0.55531,18.51785,0.99561,1,0,0.00000,12,3.92152,1,4.32064,1,0.00000,0,0.00000,0,0.00000,0,1,1,0,0.00000,0,,0.00000,0.00000,
0,NewMedia0,501,8.33228,55394765646,0.13391,0.85977,8.28839,0.04388,22,1,0.13870,0.87877,1,0.36042,0.24815,0,,0.12673,0.84364,1,0.15067,0.91390,1,0.34708,0.54268,17.24160,0.98668,1,0.73039,0.55551,18.60242,0.97908,1,0,0.00000,12,3.89061,1,4.33664,1,0.00000,0,0.00000,0,0.00000,0,1,1,0,0.00000,0,,0.00000,0.00000,
0,NewMedia0,502,8.35413,55394984270,0.13528,0.85654,8.28839,0.06573,22,1,0.14075,0.84364,1,0.36042,0.24815,0,,0.13609,0.89221,1,0.14540,0.79507,1,0.34705,0.54306,17.15486,0.97908,1,0.73029,0.55578,18.61279,0.97147,1,0,0.00000,12,3.80865,1,4.30014,1,0.00000,0,0.00000,0,0.00000,0,1,1,0,0.00000,0,,0.00000,0.00000,
0,NewMedia0,503,8.36932,55395136329,0.13553,0.85104,8.28839,0.08093,22,1,0.13681,0.82351,1,0.36042,0.24815,0,,0.12767,0.82767,1,0.14594,0.81936,1,0.34706,0.54343,17.08242,0.97147,1,0.73028,0.55609,18.42875,0.96387,1,0,0.00000,12,3.89405,1,4.36613,1,0.00000,0,0.00000,0,0.00000,0,1,1,0,0.00000,0,,0.00000,0.00000,
0,NewMedia0,504,8.38422,55395285315,0.13600,0.84761,8.28839,0.09583,22,1,0.13882,0.82704,1,0.36042,0.24815,0,,0.13170,0.83472,1,0.14594,0.81936,1,0.34688,0.54368,16.99731,0.96387,1,0.73040,0.55627,18.82146,0.96387,1,0,0.00000,12,3.87900,1,4.30471,1,0.00000,0,0.00000,0,0.00000,0,1,1,0,0.00000,0,,0.00000,0.00000,
0,NewMedia0,505,8.40851,55395528478,0.13368,0.84650,8.28839,0.12012,22,1,0.11743,0.83876,1,0.36042,0.24815,0,,0.11481,0.86102,1,0.12006,0.81649,1,0.34676,0.54411,17.09664,0.96387,1,0.73028,0.55637,18.65589,0.97147,1,0,0.00000,12,3.89703,1,4.28231,1,0.00000,0,0.00000,0,0.00000,0,1,1,0,0.00000,0,,0.00000,0.00000,
0,NewMedia0,506,8.42706,55395714009,0.13175,0.84740,8.28839,0.13867,22,1,0.11632,0.85456,1,0.36042,0.24815,0,,0.11671,0.89485,1,0.11592,0.81427,1,0.34674,0.54434,17.16810,0.97147,1,0.73019,0.55641,18.47329,0.97908,1,0,0.00000,12,3.93408,1,4.32000,1,0.00000,0,0.00000,0,0.00000,0,1,1,0,0.00000,0,,0.00000,0.00000,
0,NewMedia0,507,8.43567,55395799585,0.12986,0.84750,8.28839,0.14728,22,1,0.11281,0.84839,1,0.36042,0.24815,0,,0.11258,0.88831,1,0.11303,0.80847,1,0.34667,0.54399,16.86745,0.97908,1,0.72997,0.55627,17.96213,0.98668,1,0,0.00000,12,3.87269,1,4.38749,1,0.00000,0,0.00000,0,0.00000,0,1,1,0,0.00000,0,,0.00000,0.00000,
0,NewMedia0,508,8.46515,55396094462,0.13194,0.84906,8.28839,0.17676,22,1,0.15280,0.86463,1,0.36042,0.24815,0,,0.16695,0.90675,1,0.13865,0.82250,1,0.34652,0.54407,16.79341,0.98668,1,0.72992,0.55658,17.96667,0.98668,1,0,0.00000,12,3.90493,1,4.30949,1,0.00000,0,0.00000,0,0.00000,0,1,1,0,0.00000,0,,0.00000,0.00000,
0,NewMedia0,509,8.46777,55396120687,0.13325,0.84868,8.28839,0.17938,22,1,0.14759,0.84453,1,0.36042,0.24815,0,,0.15872,0.86702,1,0.13646,0.82204,1,0.34657,0.54457,16.71532,0.98668,1,0.72978,0.55641,17.96167,0.98668,1,0,0.00000,12,3.83172,1,4.32191,1,0.00000,0,0.00000,0,0.00000,0,1,1,0,0.00000,0,,0.00000,0.00000,
0,NewMedia0,510,8.48694,55396312391,0.13461,0.84885,8.28839,0.19855,22,1,0.15092,0.85091,1,0.36042,0.24815,0,,0.16259,0.87390,1,0.13924,0.82792,1,0.34589,0.54323,16.20701,0.97887,1,0.72934,0.55662,18.32450,0.97887,1,0,0.00000,12,3.85337,1,4.26148,1,0.00000,0,0.00000,0,0.00000,0,1,1,0,0.00000,0,,0.00000,0.00000,
0,NewMedia0,511,8.49536,55396396597,0.12972,0.84218,8.28839,0.20697,22,1,0.06625,0.75551,1,0.36042,0.24815,0,,0.06103,0.79280,1,0.07146,0.71821,1,0.34466,0.54332,16.13061,0.97106,1,0.72744,0.55556,18.71194,0.97106,1,0,0.00000,12,3.93282,1,4.26417,1,0.00000,0,0.00000,0,0.00000,0,1,1,0,0.00000,0,,0.00000,0.00000,
0,NewMedia0,512,8.51233,55396566204,0.12409,0.83696,8.28839,0.22394,22,1,0.04521,0.76380,1,0.36042,0.24815,0,,0.05275,0.74040,1,0.03767,0.78720,1,0.34440,0.54245,16.02228,0.96324,1,0.72699,0.55467,18.40787,0.96324,1,0,0.00000,12,4.10004,1,4.18854,1,0.00000,0,0.00000,0,0.00000,0,1,1,0,0.00000,0,,0.00000,0.00000,
0,NewMedia0,513,8.53131,55396755986,0.11942,0.83282,8.28839,0.24292,22,1,0.04937,0.77080,1,0.36042,0.24815,0,,0.05743,0.74824,1,0.04131,0.79336,1,0.34427,0.54195,15.80610,0.95543,1,0.72642,0.55396,18.45098,0.95543,1,0,0.00000,12,4.10328,1,4.20864,1,0.00000,0,0.00000,0,0.00000,0,1,1,0,0.00000,0,,0.00000,0.00000,
0,NewMedia0,514,8.54980,55396940969,0.11632,0.82754,8.28839,0.26141,22,1,0.06681,0.74301,1,0.36042,0.24815,0,,0.06895,0.70825,1,0.06467,0.77777,1,0.34390,0.54155,15.93712,0.95543,1,0.72640,0.55377,18.48185,0.95543,1,0,0.00000,12,4.01522,1,4.15714,1,0.00000,0,0.00000,0,0.00000,0,1,1,0,0.00000,0,,0.00000,0.00000,
0,NewMedia0,515,8.58093,55397252532,0.11384,0.82126,8.28839,0.29254,22,1,0.07159,0.71459,1,0.36042,0.24815,0,,0.08283,0.72801,1,0.06036,0.70116,1,0.34394,0.54013,15.77430,0.95543,1,0.72639,0.55236,18.61166,0.95543,1,0,0.00000,12,4.05819,1,4.24745,1,0.00000,0,0.00000,0,0.00000,0,1,1,0,0.00000,0,,0.00000,0.00000,
0,NewMedia0,516,8.59961,55397439039,0.11141,0.81526,8.28839,0.31122,22,1,0.06761,0.70713,1,0.36042,0.24815,0,,0.07834,0.71998,1,0.05687,0.69428,1,0.34389,0.53876,16.43030,0.96324,1,0.72640,0.55133,18.57811,0.96324,1,0,0.00000,12,3.89069,1,4.24644,1,0.00000,0,0.00000,0,0.00000,0,1,1,0,0.00000,0,,722.45392,190.20967,
0,NewMedia0,517,8.60083,55397451727,0.09267,0.77474,8.28839,0.31122,22,0,0.06482,0.57903,1,0.36042,0.24815,0,,0.08054,0.57781,1,0.04911,0.58024,1,0.34404,0.53661,16.42883,0.97106,1,0.72620,0.54738,17.63872,0.97106,1,0,0.00000,12,3.88133,1,4.18116,1,0.00000,0,0.00000,0,0.00000,0,1,1,0,0.00000,0,,0.00000,0.00000,
0,NewMedia0,518,8.62939,55397736987,0.09280,0.66318,8.28839,0.31122,22,0,0.09293,0.55161,1,0.36042,0.24815,0,,0.08909,0.55929,1,0.09676,0.54393,1,0.34482,0.53614,16.32580,0.97887,1,0.72625,0.54674,18.37319,0.97887,1,0,0.00000,12,4.03204,1,4.15249,1,0.00000,0,0.00000,0,0.00000,0,1,1,0,0.00000,0,,0.00000,0.00000,
0,NewMedia0,519,8.63092,55397752629,0.09161,0.62315,8.28839,0.31122,22,0,0.08923,0.54310,1,0.36042,0.24815,0,,0.08481,0.55021,1,0.09366,0.53599,1,0.34451,0.53469,15.85777,0.98668,1,0.72636,0.54540,18.35232,0.98668,1,0,0.00000,12,4.01346,1,4.14760,1,0.00000,0,0.00000,0,0.00000,0,1,1,0,0.00000,0,,0.00000,0.00000,
0,NewMedia0,520,8.64447,55397887656,0.08588,0.48906,8.28839,0.31122,22,0,0.07548,0.37248,1,0.36042,0.24815,0,,0.06532,0.37215,1,0.08563,0.37281,1,0.34484,0.53412,16.26431,0.98668,1,0.72641,0.54431,18.29279,0.98668,1,0,0.00000,12,4.30046,1,4.12660,1,0.00000,0,0.00000,0,0.00000,0,1,1,0,0.00000,0,,0.00000,0.00000,
0,NewMedia0,521,8.66663,55398109439,0.08002,0.46670,8.28839,0.31122,22,0,0.07417,0.44434,1,0.36042,0.24815,0,,0.06056,0.39346,1,0.08777,0.49522,1,0.34456,0.53430,16.38335,0.98668,1,0.72636,0.54427,18.18084,0.98668,1,0,0.00000,12,4.27260,1,4.12787,1,0.00000,0,0.00000,0,0.00000,0,1,1,0,0.00000,0,,0.00000,0.00000,
0,NewMedia0,522,8.68011,55398244473,0.07933,0.46232,8.28839,0.31122,22,0,0.07793,0.45355,1,0.36042,0.24815,0,,0.06494,0.40363,1,0.09092,0.50346,1,0.34412,0.53388,16.12936,0.97887,1,0.72616,0.54417,18.45945,0.97887,1,0,0.00000,12,4.16252,1,4.13164,1,0.00000,0,0.00000,0,0.00000,0,1,1,0,0.00000,0,,0.00000,0.00000,
0,NewMedia0,523,8.71210,55398564415,0.07328,0.44462,8.64447,0.06763,23,1,0.05515,0.39153,1,0.36042,0.24815,0,,0.04814,0.36101,1,0.06215,0.42205,1,0.34365,0.53427,16.34617,0.97106,1,0.72603,0.54427,18.44540,0.97106,1,0,0.00000,12,4.19917,1,4.11586,1,0.00000,0,0.00000,0,0.00000,0,1,1,0,0.00000,0,,0.00000,0.00000,
0,NewMedia0,524,8.72797,55398722963,0.07320,0.43894,8.64447,0.08350,23,1,0.07286,0.41622,1,0.36042,0.24815,0,,0.08346,0.38660,1,0.06226,0.44584,1,0.34369,0.53437,16.36615,0.96324,1,0.72582,0.54445,18.53266,0.96324,1,0,0.00000,12,4.24022,1,4.12369,1,0.00000,0,0.00000,0,0.00000,0,1,1,0,0.00000,0,,0.00000,0.00000,
0,NewMedia0,525,8.72980,55398741330,0.07379,0.43676,8.64447,0.08533,23,1,0.07674,0.42587,1,0.36042,0.24815,0,,0.08779,0.39713,1,0.06569,0.45460,1,0.34290,0.53364,16.28661,0.95543,1,0.72579,0.54410,18.11627,0.95543,1,0,0.00000,12,4.11136,1,4.14215,1,0.00000,0,0.00000,0,0.00000,0,1,1,0,0.00000,0,,0.00000,0.00000,
0,NewMedia0,526,8.76489,55399091948,0.07642,0.43286,8.64447,0.12042,23,1,0.09223,0.40946,1,0.36042,0.24815,0,,0.05366,0.41060,1,0.13080,0.40831,1,0.34267,0.53419,16.10349,0.95543,1,0.72562,0.54404,18.21997,0.95543,1,0,0.00000,12,4.10514,1,4.07444,1,0.00000,0,0.00000,0,0.00000,0,1,1,0,0.00000,0,,0.00000,0.00000,
0,NewMedia0,527,8.76813,55399124403,0.07950,0.43556,8.64447,0.12366,23,1,0.10103,0.45446,1,0.36042,0.24815,0,,0.07652,0.41888,1,0.12554,0.49003,1,0.34253,0.53442,16.41146,0.95543,1,0.72531,0.54400,17.95368,0.95543,1,0,0.00000,12,4.10515,1,4.16889,1,0.00000,0,0.00000,0,0.00000,0,1,1,0,0.00000,0,,0.00000,0.00000,
0,NewMedia0,528,8.78064,55399249668,0.08148,0.43661,8.64447,0.13617,23,1,0.09735,0.44499,1,0.36042,0.24815,0,,0.07210,0.40855,1,0.12259,0.48143,1,0.34242,0.53441,16.32003,0.96324,1,0.72545,0.54440,18.39931,0.96324,1,0,0.00000,12,4.19173,1,4.23055,1,0.00000,0,0.00000,0,0.00000,0,1,1,0,0.00000,0,,0.00000,0.00000,
0,NewMedia0,529,8.80072,55399450642,0.08206,0.43346,8.64447,0.15625,23,1,0.08723,0.40514,1,0.36042,0.24815,0,,0.08421,0.36008,1,0.09025,0.45020,1,0.34266,0.53448,16.13690,0.97106,1,0.72498,0.54413,18.22150,0.97106,1,0,0.00000,12,4.18440,1,4.10258,1,0.00000,0,0.00000,0,0.00000,0,1,1,0,0.00000,0,,0.00000,0.00000,
0,NewMedia0,530,8.80579,55399501334,0.08152,0.43148,8.64447,0.16132,23,1,0.07620,0.41164,1,0.36042,0.24815,0,,0.06853,0.37856,1,0.08387,0.44472,1,0.34238,0.53479,15.98795,0.97887,1,0.72495,0.54415,18.18069,0.97887,1,0,0.00000,12,4.17829,1,4.09986,1,0.00000,0,0.00000,0,0.00000,0,1,1,0,0.00000,0,,0.00000,0.00000,
0,NewMedia0,531,8.82660,55399708959,0.08121,0.43018,8.64447,0.18213,23,1,0.07776,0.41586,1,0.36042,0.24815,0,,0.06853,0.37856,1,0.08699,0.45316,1,0.34163,0.53405,15.76844,0.97887,1,0.72494,0.54405,18.02912,0.97126,1,0,0.00000,12,4.04932,1,4.06713,1,0.00000,0,0.00000,0,0.00000,0,1,1,0,0.00000,0,,0.00000,0.00000,
0,NewMedia0,532,8.84613,55399904270,0.08019,0.43012,8.64447,0.20166,23,1,0.06799,0.42945,1,0.36042,0.24815,0,,0.05729,0.37965,1,0.07868,0.47924,1,0.34151,0.53385,15.92155,0.96345,1,0.72475,0.54399,17.76598,0.95585,1,0,0.00000,12,4.06126,1,4.05719,1,0.00000,0,0.00000,0,0.00000,0,1,1,0,0.00000,0,,0.00000,0.00000,
0,NewMedia0,533,8.86029,55400046187,0.07850,0.43207,8.64447,0.21582,23,1,0.05655,0.45739,1,0.36042,0.24815,0,,0.05544,0.39680,1,0.05765,0.51798,1,0.34160,0.53402,15.90420,0.94804,1,0.72466,0.54398,17.80631,0.94043,1,0,0.00000,12,4.11060,1,4.03764,1,0.00000,0,0.00000,0,0.00000,0,1,1,0,0.00000,0,,0.00000,0.00000,
0,NewMedia0,534,8.90283,55400471471,0.07758,0.43500,8.64447,0.25836,23,1,0.06459,0.47612,1,0.36042,0.24815,0,,0.06452,0.41765,1,0.06466,0.53459,1,0.34145,0.53416,15.82306,0.93262,1,0.72456,0.54419,17.55435,0.92501,1,0,0.00000,12,4.13042,1,4.09263,1,0.00000,0,0.00000,0,0.00000,0,1,1,0,0.00000,0,,0.00000,0.00000,
0,NewMedia0,536,8.91248,55400568051,0.08019,0.43982,8.64447,0.26801,23,1,0.10179,0.47382,1,0.36042,0.24815,0,,0.11853,0.42052,1,0.08505,0.52712,1,0.34154,0.53428,15.55998,0.92501,1,0.72420,0.54421,17.78975,0.92501,1,0,0.00000,12,4.20367,1,4.05051,1,0.00000,0,0.00000,0,0.00000,0,1,1,0,0.00000,0,,0.00000,0.00000,
0,NewMedia0,537,8.95795,55401022517,0.08109,0.44094,8.64447,0.31348,23,1,0.09632,0.46004,1,0.36042,0.24815,0,,0.11427,0.40976,1,0.07837,0.51032,1,0.34117,0.53471,15.40310,0.93283,1,0.72395,0.54436,17.76807,0.94043,1,0,0.00000,12,4.19348,1,4.01363,1,0.00000,0,0.00000,0,0.00000,0,1,1,0,0.00000,0,,0.00000,0.00000,
0,NewMedia0,538,8.96075,55401050778,0.08129,0.44144,8.64447,0.31628,23,1,0.08490,0.45031,1,0.36042,0.24815,0,,0.09599,0.40577,1,0.07381,0.49486,1,0.34031,0.53414,15.48233,0.94824,1,0.72372,0.54434,17.49422,0.95585,1,0,0.00000,12,4.06536,1,4.03731,1,0.00000,0,0.00000,0,0.00000,0,1,1,0,0.00000,0,,0.00000,0.00000,
0,NewMedia0,539,8.96423,55401085587,0.08033,0.44114,8.64447,0.31976,23,1,0.06206,0.43557,1,0.36042,0.24815,0,,0.06283,0.40524,1,0.06129,0.46589,1,0.34061,0.53454,15.81919,0.96366,1,0.72338,0.54418,17.17627,0.97126,1,0,0.00000,12,3.97242,1,4.13266,1,0.00000,0,0.00000,0,0.00000,0,1,1,0,0.00000,0,,0.00000,0.00000,
0,NewMedia0,540,8.97211,55401163977,0.07919,0.44022,8.64447,0.32764,23,1,0.05633,0.42166,1,0.36042,0.24815,0,,0.05849,0.39520,1,0.05418,0.44813,1,0.34036,0.53454,15.63826,0.97126,1,0.72312,0.54390,17.08261,0.98756,1,0,0.00000,12,4.01950,1,4.31381,1,0.00000,0,0.00000,0,0.00000,0,1,1,0,0.00000,0,,0.00000,0.00000,
0,NewMedia0,541,8.98987,55401341953,0.07887,0.43880,8.64447,0.34540,23,1,0.07226,0.40901,1,0.36042,0.24815,0,,0.09113,0.36933,1,0.05339,0.44869,1,0.34000,0.53468,15.11298,0.97975,1,0.72293,0.54422,17.26716,0.98844,1,0,0.00000,12,4.20707,1,4.01993,1,0.00000,0,0.00000,0,0.00000,0,1,1,0,0.00000,0,,0.00000,0.00000,
0,NewMedia0,542,9.00623,55401505510,0.07908,0.43802,8.64447,0.36176,23,1,0.08374,0.42095,1,0.36042,0.24815,0,,0.08564,0.39309,1,0.08184,0.44882,1,0.33954,0.53444,15.41613,0.98062,1,0.72245,0.54412,17.39657,0.98932,1,0,0.00000,12,4.04923,1,3.97811,1,0.00000,0,0.00000,0,0.00000,0,1,1,0,0.00000,0,,0.00000,0.00000,
0,NewMedia0,543,9.02979,55401741039,0.07924,0.43725,8.64447,0.38531,23,1,0.08294,0.41939,1,0.36042,0.24815,0,,0.08093,0.38165,1,0.08494,0.45713,1,0.33904,0.53425,15.53763,0.98932,1,0.72232,0.54369,17.08191,0.98171,1,0,0.00000,12,4.09574,1,4.16196,1,0.00000,0,0.00000,0,0.00000,0,1,1,0,0.00000,0,,0.00000,0.00000,
0,NewMedia0,544,9.04297,55401872967,0.07985,0.43632,8.64447,0.39850,23,1,0.09445,0.41400,1,0.36042,0.24815,0,,0.08273,0.37650,1,0.10618,0.45149,1,0.33919,0.53433,15.43971,0.98952,1,0.72218,0.54401,17.20718,0.97323,1,0,0.00000,12,4.08592,1,4.16453,1,0.00000,0,0.00000,0,0.00000,0,1,1,0,0.00000,0,,0.00000,0.00000,
0,NewMedia0,545,9.06030,55402046424,0.08054,0.43518,8.64447,0.41583,23,1,0.09774,0.40667,1,0.36042,0.24815,0,,0.11017,0.36327,1,0.08532,0.45008,1,0.33902,0.53452,15.67410,0.98104,1,0.72165,0.54375,17.21999,0.96475,1,0,0.00000,12,4.00867,1,3.97835,1,0.00000,0,0.00000,0,0.00000,0,1,1,0,0.00000,0,,0.00000,0.00000,
0,NewMedia0,546,9.07892,55402232650,0.08133,0.43453,8.64447,0.43445,23,1,0.10199,0.41770,1,0.36042,0.24815,0,,0.11865,0.38533,1,0.08532,0.45008,1,0.33888,0.53490,15.42547,0.96475,1,0.72169,0.54384,17.27154,0.96475,1,0,0.00000,12,4.05170,1,4.04929,1,0.00000,0,0.00000,0,0.00000,0,1,1,0,0.00000,0,,0.00000,0.00000,
0,NewMedia0,547,9.09924,55402435306,0.08172,0.43397,8.64447,0.45477,23,1,0.09207,0.41874,1,0.36042,0.24815,0,,0.09696,0.42435,1,0.08718,0.41314,1,0.33831,0.53465,15.43289,0.95693,1,0.72101,0.54373,17.27275,0.97323,1,0,0.00000,12,3.95719,1,4.09075,1,0.00000,0,0.00000,0,0.00000,0,1,1,0,0.00000,0,,0.00000,0.00000,
0,NewMedia0,548,9.12115,55402654813,0.08188,0.43364,8.64447,0.47668,23,1,0.08641,0.42454,1,0.36042,0.24815,0,,0.09245,0.42583,1,0.08038,0.42325,1,0.33794,0.53467,15.72605,0.96542,1,0.72106,0.54399,17.34051,0.98171,1,0,0.00000,12,3.83480,1,4.12969,1,0.00000,0,0.00000,0,0.00000,0,1,1,0,0.00000,0,,0.00000,0.00000,
0,NewMedia0,549,9.12524,55402695480,0.08188,0.43298,8.64447,0.48077,23,1,0.08197,0.41390,1,0.36042,0.24815,0,,0.08357,0.40455,1,0.08038,0.42325,1,0.33773,0.53457,15.24712,0.98171,1,0.72098,0.54385,17.21985,0.98171,1,0,0.00000,12,3.92404,1,4.14966,1,0.00000,0,0.00000,0,0.00000,0,1,1,0,0.00000,0,,0.00000,0.00000,
0,NewMedia0,550,9.13641,55402807013,0.08186,0.43299,8.64447,0.49194,23,1,0.08114,0.43308,1,0.36042,0.24815,0,,0.06283,0.41567,1,0.09945,0.45049,1,0.33772,0.53431,15.51543,0.98952,1,0.72081,0.54405,17.48453,0.97323,1,0,0.00000,12,4.12198,1,4.15098,1,0.00000,0,0.00000,0,0.00000,0,1,1,0,0.00000,0,,0.00000,0.00000,
0,NewMedia0,551,9.17004,55403143704,0.08269,0.43302,8.64447,0.52557,23,1,0.10834,0.43416,1,0.36042,0.24815,0,,0.13271,0.41106,1,0.08396,0.45726,1,0.33739,0.53444,15.39560,0.98104,1,0.72043,0.54420,17.36208,0.96475,1,0,0.00000,12,4.31521,1,4.03235,1,0.00000,0,0.00000,0,0.00000,0,1,1,0,0.00000,0,,0.00000,0.00000,
0,NewMedia0,552,9.17194,55403162839,0.08364,0.43353,8.64447,0.52747,23,1,0.11425,0.44971,1,0.36042,0.24815,0,,0.14092,0.43247,1,0.08757,0.46694,1,0.33718,0.53545,15.52546,0.96475,1,0.72035,0.54404,17.26781,0.95606,1,0,0.00000,12,4.21594,1,4.05388,1,0.00000,0,0.00000,0,0.00000,0,1,1,0,0.00000,0,,0.00000,0.00000,
0,NewMedia0,553,9.19751,55403418273,0.08463,0.43511,8.64447,0.55304,23,1,0.11731,0.48747,1,0.36042,0.24815,0,,0.12120,0.50510,1,0.11341,0.46984,1,0.33737,0.53622,15.73327,0.94824,1,0.72003,0.54397,17.71801,0.95585,1,0,0.00000,12,4.16762,1,3.99468,1,0.00000,0,0.00000,0,0.00000,0,1,1,0,0.00000,0,,0.00000,0.00000,
0,NewMedia0,554,9.21271,55403570456,0.08533,0.43663,8.64447,0.56824,23,1,0.10891,0.48817,1,0.36042,0.24815,0,,0.11118,0.50645,1,0.10664,0.46989,1,0.33731,0.53591,15.65744,0.94804,1,0.71993,0.54423,17.87220,0.95564,1,0,0.00000,12,4.17757,1,4.04814,1,0.00000,0,0.00000,0,0.00000,0,1,1,0,0.00000,0,,0.00000,0.00000,
0,NewMedia0,555,9.22461,55403689211,0.08598,0.43807,8.64447,0.58014,23,1,0.10901,0.48842,1,0.36042,0.24815,0,,0.11129,0.50671,1,0.10672,0.47012,1,0.33732,0.53582,15.70087,0.94783,1,0.71964,0.54413,17.66164,0.95543,1,0,0.00000,12,4.20290,1,4.13533,1,0.00000,0,0.00000,0,0.00000,0,1,1,0,0.00000,0,,0.00000,0.00000,
0,NewMedia0,556,9.23492,55403792459,0.08617,0.43934,8.64447,0.59045,23,1,0.09290,0.48518,1,0.36042,0.24815,0,,0.10376,0.49614,1,0.08205,0.47421,1,0.33694,0.53567,15.41083,0.95543,1,0.71941,0.54421,17.77566,0.95543,1,0,0.00000,12,4.14830,1,4.09142,1,0.00000,0,0.00000,0,0.00000,0,1,1,0,0.00000,0,,0.00000,0.00000,
0,NewMedia0,557,9.28979,55404340892,0.08649,0.44078,8.64447,0.64532,23,1,0.09839,0.49393,1,0.36042,0.24815,0,,0.10808,0.49803,1,0.08870,0.48982,1,0.33700,0.53562,15.60754,0.95543,1,0.71943,0.54398,17.80753,0.95543,1,0,0.00000,12,4.13073,1,4.07071,1,0.00000,0,0.00000,0,0.00000,0,1,1,0,0.00000,0,,407.25870,96.74693,
0,NewMedia0,559,9.29468,55404389651,0.09960,0.46506,8.64447,0.64703,23,0,0.09814,0.48828,1,0.36042,0.24815,0,,0.10081,0.49465,1,0.09546,0.48190,1,0.33726,0.53603,15.84947,0.95543,1,0.71945,0.54400,17.90576,0.95543,1,0,0.00000,12,4.21214,1,4.06606,1,0.00000,0,0.00000,0,0.00000,0,1,1,0,0.00000,0,,0.00000,0.00000,
0,NewMedia0,560,9.29919,55404435054,0.10104,0.46987,8.64447,0.64703,23,0,0.10249,0.47469,1,0.36042,0.24815,0,,0.10981,0.47143,1,0.09516,0.47794,1,0.33722,0.53604,15.93905,0.95543,1,0.71964,0.54398,18.12903,0.95543,1,0,0.00000,12,4.20710,1,4.08211,1,0.00000,0,0.00000,0,0.00000,0,1,1,0,0.00000,0,,0.00000,0.00000,
0,NewMedia0,561,9.31769,55404619870,0.10029,0.46837,8.64447,0.64703,23,0,0.09879,0.46536,1,0.36042,0.24815,0,,0.10561,0.46142,1,0.09197,0.46930,1,0.33724,0.53592,15.91587,0.96324,1,0.71965,0.54415,18.19391,0.96324,1,0,0.00000,12,4.19877,1,4.11538,1,0.00000,0,0.00000,0,0.00000,0,1,1,0,0.00000,0,,0.00000,0.00000,
0,NewMedia0,562,9.34735,55404916773,0.10080,0.45861,9.29468,0.05267,24,1,0.10232,0.42934,1,0.36042,0.24815,0,,0.10530,0.41667,1,0.09934,0.44201,1,0.33738,0.53606,16.10887,0.97106,1,0.71976,0.54404,17.99515,0.97106,1,0,0.00000,12,4.21053,1,4.12748,1,0.00000,0,0.00000,0,0.00000,0,1,1,0,0.00000,0,,0.00000,0.00000,
0,NewMedia0,563,9.34888,55404932014,0.10200,0.45349,9.29468,0.05420,24,1,0.10681,0.43303,1,0.36042,0.24815,0,,0.11104,0.43487,1,0.10259,0.43118,1,0.33749,0.53556,16.46294,0.97887,1,0.71974,0.54397,17.97815,0.97887,1,0,0.00000,12,4.14823,1,4.14670,1,0.00000,0,0.00000,0,0.00000,0,1,1,0,0.00000,0,,0.00000,0.00000,
0,NewMedia0,564,9.38062,55405249447,0.10280,0.45008,9.29468,0.08594,24,1,0.10681,0.43303,1,0.36042,0.24815,0,,0.11104,0.43487,1,0.10259,0.43118,1,0.33736,0.53495,16.24824,0.97887,1,0.71978,0.54376,17.97680,0.97887,1,0,0.00000,12,4.19850,1,4.10627,1,0.00000,0,0.00000,0,0.00000,0,1,1,0,0.00000,0,,0.00000,0.00000,
0,NewMedia0,565,9.39972,55405440612,0.10043,0.45087,9.29468,0.10504,24,1,0.08623,0.45560,1,0.36042,0.24815,0,,0.08368,0.44429,1,0.08877,0.46691,1,0.33746,0.53515,16.33288,0.97106,1,0.72038,0.54375,17.73789,0.97106,1,0,0.00000,12,4.12042,1,4.32253,1,0.00000,0,0.00000,0,0.00000,0,1,1,0,0.00000,0,,0.00000,0.00000,
0,NewMedia0,566,9.42645,55405707826,0.09673,0.44793,9.29468,0.13177,24,1,0.07082,0.42732,1,0.36042,0.24815,0,,0.05369,0.45408,1,0.08794,0.40056,1,0.33745,0.53520,16.47744,0.96324,1,0.72031,0.54381,17.82697,0.96324,1,0,0.00000,12,4.11346,1,4.31399,1,0.00000,0,0.00000,0,0.00000,0,1,1,0,0.00000,0,,0.00000,0.00000,
0,NewMedia0,567,9.42828,55405725741,0.09484,0.44813,9.29468,0.13361,24,1,0.07971,0.44978,1,0.36042,0.24815,0,,0.06228,0.47284,1,0.09714,0.42672,1,0.33741,0.53522,16.24515,0.94854,1,0.72036,0.54430,18.32505,0.94093,1,0,0.00000,12,4.04759,1,4.10111,1,0.00000,0,0.00000,0,0.00000,0,1,1,0,0.00000,0,,0.00000,0.00000,
0,NewMedia0,568,9.43146,55405758029,0.09348,0.45206,9.29468,0.13678,24,1,0.08126,0.48737,1,0.36042,0.24815,0,,0.08281,0.49736,1,0.07971,0.47738,1,0.33760,0.53549,16.18719,0.93404,1,0.72030,0.54437,18.33529,0.92644,1,0,0.00000,12,4.15927,1,4.09395,1,0.00000,0,0.00000,0,0.00000,0,1,1,0,0.00000,0,,0.00000,0.00000,
0,NewMedia0,569,9.45923,55406035191,0.09248,0.45654,9.29468,0.16455,24,1,0.08243,0.50139,1,0.36042,0.24815,0,,0.09096,0.51662,1,0.07389,0.48615,1,0.33763,0.53534,16.22771,0.91954,1,0.72044,0.54428,18.21790,0.91194,1,0,0.00000,12,4.12584,1,4.09327,1,0.00000,0,0.00000,0,0.00000,0,1,1,0,0.00000,0,,0.00000,0.00000,
0,NewMedia0,570,9.46472,55406090176,0.09163,0.46026,9.29468,0.17004,24,1,0.08232,0.50113,1,0.36042,0.24815,0,,0.09084,0.51635,1,0.07380,0.48591,1,0.33762,0.53511,16.24120,0.91975,1,0.72063,0.54442,18.29730,0.91215,1,0,0.00000,12,4.21501,1,4.10787,1,0.00000,0,0.00000,0,0.00000,0,1,1,0,0.00000,0,,0.00000,0.00000,
0,NewMedia0,571,9.48541,55406297048,0.09281,0.46252,9.29468,0.19073,24,1,0.10702,0.48965,1,0.36042,0.24815,0,,0.11200,0.49239,1,0.10203,0.48690,1,0.33801,0.53535,16.05931,0.92685,1,0.72069,0.54439,18.29451,0.92685,1,0,0.00000,12,4.40334,1,4.06817,1,0.00000,0,0.00000,0,0.00000,0,1,1,0,0.00000,0,,0.00000,0.00000,
0,NewMedia0,572,9.50244,55406467319,0.09447,0.46393,9.29468,0.20776,24,1,0.11597,0.48223,1,0.36042,0.24815,0,,0.11406,0.50412,1,0.11788,0.46034,1,0.33797,0.53537,16.03279,0.94156,1,0.72084,0.54414,18.32898,0.94156,1,0,0.00000,12,4.40394,1,4.12067,1,0.00000,0,0.00000,0,0.00000,0,1,1,0,0.00000,0,,0.00000,0.00000,
0,NewMedia0,573,9.52435,55406686810,0.09534,0.46367,9.29468,0.22968,24,1,0.10762,0.46015,1,0.36042,0.24815,0,,0.10607,0.48547,1,0.10916,0.43482,1,0.33800,0.53581,16.25330,0.95626,1,0.72103,0.54447,18.48915,0.96387,1,0,0.00000,12,4.33238,1,4.09485,1,0.00000,0,0.00000,0,0.00000,0,1,1,0,0.00000,0,,0.00000,0.00000,
0,NewMedia0,574,9.55957,55407039086,0.09595,0.46131,9.29468,0.26489,24,1,0.10503,0.42576,1,0.36042,0.24815,0,,0.10581,0.44836,1,0.10425,0.40317,1,0.33863,0.53590,16.83020,0.96387,1,0.72122,0.54440,18.28890,0.97147,1,0,0.00000,12,4.22440,1,4.12077,1,0.00000,0,0.00000,0,0.00000,0,1,1,0,0.00000,0,,0.00000,0.00000,
0,NewMedia0,575,9.56311,55407074235,0.09505,0.46063,9.29468,0.26843,24,1,0.08071,0.44984,1,0.36042,0.24815,0,,0.10174,0.43853,1,0.05969,0.46115,1,0.33858,0.53574,16.81439,0.97147,1,0.72129,0.54428,18.52274,0.97908,1,0,0.00000,12,4.21879,1,4.17094,1,0.00000,0,0.00000,0,0.00000,0,1,1,0,0.00000,0,,0.00000,0.00000,
0,NewMedia0,577,9.59888,55407432170,0.09287,0.45660,9.29468,0.30420,24,1,0.07166,0.40389,1,0.36042,0.24815,0,,0.06424,0.37900,1,0.07908,0.42878,1,0.33875,0.53424,16.31285,0.98668,1,0.72153,0.54365,17.99529,0.98668,1,0,0.00000,12,4.29746,1,4.23610,1,0.00000,0,0.00000,0,0.00000,0,1,1,0,0.00000,0,,0.00000,0.00000,
0,NewMedia0,578,9.60052,55407448474,0.09262,0.45364,9.29468,0.30585,24,1,0.08784,0.39742,1,0.36042,0.24815,0,,0.09269,0.38071,1,0.08299,0.41413,1,0.33869,0.53432,16.37942,0.98668,1,0.72156,0.54332,18.28803,0.98668,1,0,0.00000,12,4.11336,1,4.11460,1,0.00000,0,0.00000,0,0.00000,0,1,1,0,0.00000,0,,0.00000,0.00000,
0,NewMedia0,579,9.61597,55407602811,0.09271,0.45181,9.29468,0.32129,24,1,0.09443,0.41510,1,0.36042,0.24815,0,,0.09685,0.39106,1,0.09200,0.43915,1,0.33854,0.53441,16.16730,0.97887,1,0.72183,0.54315,17.74447,0.96456,1,0,0.00000,12,4.08626,1,4.28543,1,0.00000,0,0.00000,0,0.00000,0,1,1,0,0.00000,0,,0.00000,0.00000,
0,NewMedia0,580,9.63708,55407814042,0.09325,0.45239,9.29468,0.34241,24,1,0.10470,0.46474,1,0.36042,0.24815,0,,0.07050,0.39253,1,0.13889,0.53695,1,0.33878,0.53392,16.67394,0.95674,1,0.72190,0.54299,17.88607,0.94243,1,0,0.00000,12,4.07237,1,4.17037,1,0.00000,0,0.00000,0,0.00000,0,1,1,0,0.00000,0,,0.00000,0.00000,
0,NewMedia0,581,9.64520,55407895295,0.09341,0.45410,9.29468,0.35052,24,1,0.09677,0.49154,1,0.36042,0.24815,0,,0.08396,0.42129,1,0.10959,0.56179,1,0.33880,0.53384,16.57689,0.93462,1,0.72215,0.54296,18.03442,0.92030,1,0,0.00000,12,4.05575,1,4.09718,1,0.00000,0,0.00000,0,0.00000,0,1,1,0,0.00000,0,,0.00000,0.00000,
0,NewMedia0,582,9.69305,55408373584,0.09388,0.45646,9.29468,0.39838,24,1,0.10472,0.51072,1,0.36042,0.24815,0,,0.09665,0.45130,1,0.11279,0.57013,1,0.33936,0.53401,16.41299,0.91249,1,0.72215,0.54288,18.21126,0.91249,1,0,0.00000,12,4.23602,1,4.07906,1,0.00000,0,0.00000,0,0.00000,0,1,1,0,0.00000,0,,0.00000,0.00000,
0,NewMedia0,584,9.69659,55408409247,0.09598,0.46051,9.29468,0.40192,24,1,0.12693,0.49935,1,0.36042,0.24815,0,,0.12317,0.49583,1,0.13069,0.50286,1,0.33951,0.53401,16.18924,0.92680,1,0.72232,0.54244,17.97977,0.94112,1,0,0.00000,12,4.26708,1,4.12768,1,0.00000,0,0.00000,0,0.00000,0,1,1,0,0.00000,0,,0.00000,0.00000,
0,NewMedia0,585,9.72595,55408702945,0.09675,0.46097,9.29468,0.43127,24,1,0.11675,0.47275,1,0.36042,0.24815,0,,0.11116,0.46709,1,0.12233,0.47841,1,0.33965,0.53396,16.73324,0.94893,1,0.72249,0.54242,18.12662,0.96324,1,0,0.00000,12,4.17034,1,4.09687,1,0.00000,0,0.00000,0,0.00000,0,1,1,0,0.00000,0,,0.00000,0.00000,
0,NewMedia0,586,9.72742,55408717524,0.09673,0.46109,9.29468,0.43274,24,1,0.09620,0.46438,1,0.36042,0.24815,0,,0.11336,0.46488,1,0.07903,0.46389,1,0.34001,0.53371,16.91840,0.97106,1,0.72284,0.54233,18.09110,0.97106,1,0,0.00000,12,4.12372,1,4.18926,1,0.00000,0,0.00000,0,0.00000,0,1,1,0,0.00000,0,,0.00000,0.00000,
0,NewMedia0,587,9.74945,55408937386,0.09607,0.46101,9.29468,0.45477,24,1,0.07742,0.45895,1,0.36042,0.24815,0,,0.09423,0.47857,1,0.06060,0.43933,1,0.33995,0.53352,16.99569,0.97887,1,0.72313,0.54223,18.16223,0.97887,1,0,0.00000,12,4.08459,1,4.15346,1,0.00000,0,0.00000,0,0.00000,0,1,1,0,0.00000,0,,0.00000,0.00000,
0,NewMedia0,588,9.80603,55409503591,0.09550,0.46109,9.29468,0.51135,24,1,0.07907,0.46317,1,0.36042,0.24815,0,,0.09423,0.47857,1,0.06390,0.44776,1,0.34032,0.53354,16.31851,0.97887,1,0.72320,0.54238,18.50476,0.97126,1,0,0.00000,12,4.12877,1,4.14899,1,0.00000,0,0.00000,0,0.00000,0,1,1,0,0.00000,0,,0.00000,0.00000,
0,NewMedia0,590,9.81171,55409560224,0.09598,0.46235,9.29468,0.51703,24,1,0.10767,0.49258,1,0.36042,0.24815,0,,0.12691,0.46734,1,0.08844,0.51782,1,0.34143,0.53313,16.15115,0.94114,1,0.72436,0.54197,18.02332,0.94114,1,0,0.00000,12,4.26979,1,4.25165,1,0.00000,0,0.00000,0,0.00000,0,1,1,0,0.00000,0,,0.00000,0.00000,
0,NewMedia0,591,9.82635,55409706951,0.09637,0.46304,9.29468,0.53168,24,1,0.10879,0.48517,1,0.36042,0.24815,0,,0.10709,0.48507,1,0.11048,0.48527,1,0.34171,0.53233,16.39211,0.92644,1,0.72486,0.54203,17.99438,0.92644,1,0,0.00000,12,4.19321,1,4.29475,1,0.00000,0,0.00000,0,0.00000,0,1,1,0,0.00000,0,,0.00000,0.00000,
0,NewMedia0,592,9.85132,55409956338,0.09748,0.46424,9.29468,0.55664,24,1,0.13429,0.50364,1,0.36042,0.24815,0,,0.13522,0.45598,1,0.13337,0.55131,1,0.34199,0.53222,16.82900,0.91954,1,0.72546,0.54184,18.09407,0.92715,1,0,0.00000,12,3.99645,1,4.31392,1,0.00000,0,0.00000,0,0.00000,0,1,1,0,0.00000,0,,0.00000,0.00000,
0,NewMedia0,593,9.87122,55410155394,0.09839,0.46496,9.29468,0.57654,24,1,0.12915,0.48975,1,0.36042,0.24815,0,,0.13115,0.44568,1,0.12716,0.53381,1,0.34251,0.53225,16.77094,0.92715,1,0.72545,0.54169,18.14307,0.94344,1,0,0.00000,12,4.12108,1,4.21022,1,0.00000,0,0.00000,0,0.00000,0,1,1,0,0.00000,0,,0.00000,0.00000,
0,NewMedia0,594,9.89594,55410402674,0.09856,0.46425,9.29468,0.60126,24,1,0.10477,0.43941,1,0.36042,0.24815,0,,0.07923,0.41959,1,0.13030,0.45922,1,0.34278,0.53219,16.74012,0.95034,1,0.72611,0.54200,18.03210,0.95903,1,0,0.00000,12,4.07186,1,4.26308,1,0.00000,0,0.00000,0,0.00000,0,1,1,0,0.00000,0,,0.00000,0.00000,
0,NewMedia0,595,9.91272,55410570264,0.09899,0.46317,9.29468,0.61804,24,1,0.11445,0.42399,1,0.36042,0.24815,0,,0.09938,0.40000,1,0.12952,0.44798,1,0.34337,0.53243,16.88622,0.96592,1,0.72664,0.54167,17.89713,0.97461,1,0,0.00000,12,4.02118,1,4.15115,1,0.00000,0,0.00000,0,0.00000,0,1,1,0,0.00000,0,,0.00000,0.00000,
0,NewMedia0,596,9.93909,55410834060,0.10009,0.46339,9.29468,0.64441,24,1,0.14056,0.47161,1,0.36042,0.24815,0,,0.14588,0.52888,1,0.13524,0.41435,1,0.34475,0.53246,17.00475,0.98150,1,0.72770,0.54230,17.51835,0.99019,1,0,0.00000,12,3.99380,1,4.35674,1,0.00000,0,0.00000,0,0.00000,0,1,1,0,0.00000,0,,0.00000,0.00000,
0,NewMedia0,597,9.94061,55410849359,0.10109,0.46304,9.29468,0.64594,24,1,0.13914,0.44972,1,0.36042,0.24815,0,,0.14246,0.51621,1,0.13581,0.38323,1,0.34491,0.53265,17.02879,0.99019,1,0.72795,0.54230,17.75638,0.99019,1,0,0.00000,12,4.07208,1,4.29330,1,0.00000,0,0.00000,0,0.00000,0,1,1,0,0.00000,0,,0.00000,0.00000,
0,NewMedia0,598,9.96466,55411090061,0.10211,0.46294,9.29468,0.66998,24,1,0.14202,0.45924,1,0.36042,0.24815,0,,0.14246,0.51621,1,0.14157,0.40226,1,0.34604,0.53261,17.11079,0.99019,1,0.72938,0.54325,18.17580,0.97390,1,0,0.00000,12,4.06792,1,4.22246,1,0.00000,0,0.00000,0,0.00000,0,1,1,0,0.00000,0,,0.00000,0.00000,
0,NewMedia0,599,9.97742,55411217129,0.10384,0.46272,9.29468,0.68274,24,1,0.17302,0.45394,1,0.36042,0.24815,0,,0.16213,0.46521,1,0.18391,0.44266,1,0.34627,0.53258,17.19639,0.97390,1,0.72964,0.54360,18.38233,0.95760,1,0,0.00000,12,4.03334,1,4.21140,1,0.00000,0,0.00000,0,0.00000,0,1,1,0,0.00000,0,,40.87973,324.57535,
0,NewMedia0,600,9.98975,55411340569,0.13081,0.46761,9.29468,0.68274,24,0,0.17716,0.47222,1,0.36042,0.24815,0,,0.14626,0.45498,1,0.20806,0.48947,1,0.34641,0.53270,17.20484,0.95760,1,0.72975,0.54343,18.23121,0.94131,1,0,0.00000,12,3.95989,1,4.25757,1,0.00000,0,0.00000,0,0.00000,0,1,1,0,0.00000,0,,0.00000,0.00000,
0,NewMedia0,601,10.00800,55411522841,0.15512,0.47294,9.29468,0.68274,24,0,0.17943,0.47826,1,0.36042,0.24815,0,,0.15055,0.46606,1,0.20832,0.49047,1,0.34645,0.53282,17.29036,0.94912,1,0.72985,0.54396,18.79793,0.94043,1,0,0.00000,12,3.89394,1,4.20108,1,0.00000,0,0.00000,0,0.00000,0,1,1,0,0.00000,0,,0.00000,0.00000,
0,NewMedia0,602,10.02588,55411701792,0.16098,0.48124,9.29468,0.68274,24,0,0.17269,0.49783,1,0.36042,0.24815,0,,0.13858,0.49434,1,0.20680,0.50133,1,0.34698,0.53255,17.13971,0.94824,1,0.73030,0.54396,18.73400,0.95585,1,0,0.00000,12,3.88665,1,4.17342,1,0.00000,0,0.00000,0,0.00000,0,1,1,0,0.00000,0,,0.00000,0.00000,
0,NewMedia0,603,10.07172,55412160623,0.15746,0.47188,9.98975,0.08197,25,1,0.14691,0.44380,1,0.36042,0.24815,0,,0.14905,0.40882,1,0.14478,0.47878,1,0.34701,0.53232,17.09938,0.96366,1,0.73056,0.54378,18.50101,0.97126,1,0,0.00000,12,3.87414,1,4.17824,1,0.00000,0,0.00000,0,0.00000,0,1,1,0,0.00000,0,,0.00000,0.00000,
0,NewMedia0,605,10.07477,55412190915,0.17161,0.45763,9.98975,0.08502,25,1,0.25616,0.42376,1,0.36042,0.24815,0,,0.24070,0.42352,1,0.27162,0.42399,1,0.35149,0.53315,17.12877,0.97106,1,0.73428,0.54476,19.15464,0.97106,1,0,0.00000,12,4.06518,1,4.30201,1,0.00000,0,0.00000,0,0.00000,0,1,1,0,0.00000,0,,0.00000,0.00000,
0,NewMedia0,606,10.09290,55412372108,0.18817,0.45910,9.98975,0.10315,25,1,0.28750,0.46791,1,0.36042,0.24815,0,,0.28444,0.44840,1,0.29056,0.48742,1,0.35167,0.53324,17.26119,0.96324,1,0.73471,0.54447,18.97477,0.96324,1,0,0.00000,12,3.90532,1,4.27940,1,0.00000,0,0.00000,0,0.00000,0,1,1,0,0.00000,0,,0.00000,0.00000,
0,NewMedia0,607,10.12769,55412720028,0.20087,0.46141,9.98975,0.13794,25,1,0.28979,0.47758,1,0.36042,0.24815,0,,0.28741,0.45889,1,0.29217,0.49627,1,0.35282,0.53309,17.40739,0.95543,1,0.73585,0.54471,18.74059,0.95543,1,0,0.00000,12,4.07432,1,4.22036,1,0.00000,0,0.00000,0,0.00000,0,1,1,0,0.00000,0,,0.00000,0.00000,
0,NewMedia0,608,10.12964,55412739633,0.21017,0.46141,9.98975,0.13989,25,1,0.28454,0.46143,1,0.36042,0.24815,0,,0.28151,0.44355,1,0.28757,0.47932,1,0.35268,0.53298,17.23705,0.95543,1,0.73586,0.54471,18.77612,0.95543,1,0,0.00000,12,4.01959,1,4.17901,1,0.00000,0,0.00000,0,0.00000,0,1,1,0,0.00000,0,,0.00000,0.00000,
0,NewMedia0,609,10.16364,55413079245,0.21874,0.46047,9.98975,0.17389,25,1,0.29584,0.45205,1,0.36042,0.24815,0,,0.29558,0.43635,1,0.29611,0.46774,1,0.35288,0.53308,17.48302,0.95543,1,0.73599,0.54452,18.71903,0.95543,1,0,0.00000,12,4.04563,1,4.23566,1,0.00000,0,0.00000,0,0.00000,0,1,1,0,0.00000,0,,0.00000,0.00000,
0,NewMedia0,610,10.16479,55413091389,0.22554,0.45881,9.98975,0.17505,25,1,0.29360,0.44217,1,0.36042,0.24815,0,,0.29267,0.42567,1,0.29453,0.45866,1,0.35404,0.53280,17.03046,0.96324,1,0.73666,0.54445,18.39680,0.96324,1,0,0.00000,12,4.14944,1,4.22859,1,0.00000,0,0.00000,0,0.00000,0,1,1,0,0.00000,0,,0.00000,0.00000,
0,NewMedia0,611,10.16962,55413139563,0.24619,0.46314,9.98975,0.17987,25,1,0.47338,0.51074,1,0.36042,0.24815,0,,0.47252,0.50426,1,0.47423,0.51723,1,0.35780,0.53359,16.93277,0.97106,1,0.74057,0.54525,18.34565,0.97106,1,0,0.00000,12,3.91047,1,4.35348,1,0.00000,0,0.00000,0,0.00000,0,1,1,0,0.00000,0,,0.00000,0.00000,
0,NewMedia0,612,10.20184,55413461460,0.26217,0.46699,9.98975,0.21210,25,1,0.45385,0.51316,1,0.36042,0.24815,0,,0.45116,0.56223,1,0.45654,0.46408,1,0.35803,0.53404,17.01060,0.97887,1,0.74080,0.54545,18.26058,0.97887,1,0,0.00000,12,3.87644,1,4.29064,1,0.00000,0,0.00000,0,0.00000,0,1,1,0,0.00000,0,,0.00000,0.00000,
0,NewMedia0,613,10.20380,55413480838,0.27579,0.46961,9.98975,0.21405,25,1,0.45282,0.50370,1,0.36042,0.24815,0,,0.44938,0.55249,1,0.45625,0.45491,1,0.35913,0.53404,16.78318,0.98668,1,0.74185,0.54581,17.94378,0.98668,1,0,0.00000,12,3.81630,1,4.21903,1,0.00000,0,0.00000,0,0.00000,0,1,1,0,0.00000,0,,330.22784,358.70880,
0,NewMedia0,614,10.22070,55413650089,0.31903,0.46715,9.98975,0.21405,25,0,0.45034,0.47498,1,0.36042,0.24815,0,,0.43298,0.50027,1,0.46769,0.44969,1,0.35910,0.53402,16.74931,0.98668,1,0.74199,0.54587,17.95836,0.98668,1,0,0.00000,12,3.84263,1,4.16830,1,0.00000,0,0.00000,0,0.00000,0,1,1,0,0.00000,0,,0.00000,0.00000,
0,NewMedia0,615,10.26318,55414074969,0.38569,0.47181,9.98975,0.21405,25,0,0.45236,0.47647,1,0.36042,0.24815,0,,0.43437,0.51971,1,0.47034,0.43324,1,0.35905,0.53419,16.90155,0.98668,1,0.74212,0.54574,18.05905,0.98668,1,0,0.00000,12,3.80941,1,4.17003,1,0.00000,0,0.00000,0,0.00000,0,1,1,0,0.00000,0,,0.00000,0.00000,
0,NewMedia0,616,10.26489,55414092079,0.40794,0.47488,9.98975,0.21405,25,0,0.45244,0.48103,1,0.36042,0.24815,0,,0.43437,0.51971,1,0.47051,0.44236,1,0.35910,0.53423,17.07098,0.98668,1,0.74212,0.54566,17.99014,0.97908,1,0,0.00000,12,3.80859,1,4.14546,1,0.00000,0,0.00000,0,0.00000,0,1,1,0,0.00000,0,,0.00000,0.00000,
0,NewMedia0,617,10.27118,55414154897,0.45274,0.48119,9.98975,0.21405,25,0,0.45343,0.48606,1,0.36042,0.24815,0,,0.43443,0.51637,1,0.47243,0.45576,1,0.35910,0.53423,17.07098,0.97908,1,0.74224,0.54619,18.58267,0.97147,1,0,0.00000,12,3.80732,1,4.08934,1,0.00000,0,0.00000,0,0.00000,0,1,1,0,0.00000,0,,0.00000,0.00000,
0,NewMedia0,618,10.32977,55414741157,0.45359,0.48835,9.98975,0.21405,25,0,0.45443,0.49551,1,0.36042,0.24815,0,,0.43628,0.52617,1,0.47258,0.46485,1,0.35909,0.53429,16.96131,0.97147,1,0.74223,0.54618,18.58399,0.96387,1,0,0.00000,12,3.81415,1,4.09436,1,0.00000,0,0.00000,0,0.00000,0,1,1,0,0.00000,0,,0.00000,0.00000,
0,NewMedia0,619,10.33203,55414763498,0.45507,0.49125,9.98975,0.21405,25,0,0.45803,0.49704,1,0.36042,0.24815,0,,0.43594,0.53209,1,0.48012,0.46199,1,0.35902,0.53416,16.94788,0.96387,1,0.74236,0.54556,17.91532,0.95626,1,0,0.00000,12,3.86592,1,4.21413,1,0.00000,0,0.00000,0,0.00000,0,1,1,0,0.00000,0,,0.00000,0.00000,
0,NewMedia0,620,10.33685,55414811942,0.45671,0.49706,10.27118,0.06567,26,1,0.46165,0.51451,1,0.36042,0.24815,0,,0.43998,0.55080,1,0.48331,0.47822,1,0.35902,0.53405,17.11209,0.95626,1,0.74238,0.54565,18.03473,0.95626,1,0,0.00000,12,3.88151,1,4.20312,1,0.00000,0,0.00000,0,0.00000,0,1,1,0,0.00000,0,,0.00000,0.00000,
0,NewMedia0,621,10.35236,55414966760,0.45770,0.50055,10.27118,0.08118,26,1,0.46165,0.51451,1,0.36042,0.24815,0,,0.43998,0.55080,1,0.48331,0.47822,1,0.35921,0.53354,16.87120,0.95626,1,0.74236,0.54556,17.91532,0.95626,1,0,0.00000,12,3.93312,1,4.21610,1,0.00000,0,0.00000,0,0.00000,0,1,1,0,0.00000,0,,0.00000,0.00000,
0,NewMedia0,622,10.36951,55415138485,0.46223,0.50285,10.27118,0.09833,26,1,0.48486,0.51432,1,0.36042,0.24815,0,,0.48169,0.54830,1,0.48803,0.48035,1,0.35903,0.53333,16.89667,0.95626,1,0.74236,0.54556,17.91532,0.95626,1,0,0.00000,12,3.84263,1,4.21417,1,0.00000,0,0.00000,0,0.00000,0,1,1,0,0.00000,0,,0.00000,0.00000,
0,NewMedia0,623,10.39777,55415420951,0.46473,0.49950,10.27118,0.12659,26,1,0.47972,0.47940,1,0.36042,0.24815,0,,0.47253,0.50315,1,0.48692,0.45564,1,0.35926,0.53352,16.95322,0.95626,1,0.74236,0.54556,17.91532,0.95626,1,0,0.00000,12,3.93511,1,4.21673,1,0.00000,0,0.00000,0,0.00000,0,1,1,0,0.00000,0,,0.00000,0.00000,
0,NewMedia0,624,10.42712,55415714377,0.46659,0.49574,10.27118,0.15594,26,1,0.47967,0.46947,1,0.36042,0.24815,0,,0.47253,0.50315,1,0.48682,0.43579,1,0.35953,0.53360,17.11918,0.95626,1,0.74292,0.54550,17.86316,0.97256,1,0,0.00000,12,3.84185,1,4.17485,1,0.00000,0,0.00000,0,0.00000,0,1,1,0,0.00000,0,,0.00000,0.00000,
0,NewMedia0,625,10.44153,55415858310,0.47408,0.49244,10.27118,0.17035,26,1,0.53395,0.46600,1,0.36042,0.24815,0,,0.50983,0.44608,1,0.55807,0.48593,1,0.36054,0.53328,17.26198,0.97256,1,0.74418,0.54567,18.19068,0.98885,1,0,0.00000,12,3.90853,1,4.24993,1,0.00000,0,0.00000,0,0.00000,0,1,1,0,0.00000,0,,0.00000,0.00000,
0,NewMedia0,626,10.44843,55415927469,0.48097,0.48717,10.27118,0.17725,26,1,0.54303,0.43979,1,0.36042,0.24815,0,,0.52914,0.41964,1,0.55691,0.45993,1,0.36050,0.53311,17.32664,0.98885,1,0.74412,0.54564,18.21625,1.00515,1,0,0.00000,12,3.93162,1,4.27166,1,0.00000,0,0.00000,0,0.00000,0,1,1,0,0.00000,0,,0.00000,0.00000,
0,NewMedia0,627,10.45007,55415944103,0.48652,0.48143,10.27118,0.17889,26,1,0.54197,0.42395,1,0.36042,0.24815,0,,0.52655,0.39685,1,0.55739,0.45104,1,0.36023,0.53272,17.27281,1.00515,1,0.74413,0.54562,18.18596,1.01275,1,0,0.00000,12,3.98384,1,4.26320,1,0.00000,0,0.00000,0,0.00000,0,1,1,0,0.00000,0,,0.00000,0.00000,
0,NewMedia0,628,10.47186,55416161813,0.48836,0.47752,10.27118,0.20068,26,1,0.50863,0.43451,1,0.36042,0.24815,0,,0.49261,0.41816,1,0.52464,0.45087,1,0.36049,0.53281,17.33057,1.01275,1,0.74387,0.54555,18.26590,1.00406,1,0,0.00000,12,3.94178,1,4.19137,1,0.00000,0,0.00000,0,0.00000,0,1,1,0,0.00000,0,,0.00000,0.00000,
0,NewMedia0,629,10.51752,55416618492,0.48865,0.47511,10.27118,0.24634,26,1,0.49206,0.44616,1,0.36042,0.24815,0,,0.47577,0.43224,1,0.50835,0.46008,1,0.36016,0.53292,17.58831,1.00406,1,0.74380,0.54552,18.21354,0.99537,1,0,0.00000,12,3.93264,1,4.23409,1,0.00000,0,0.00000,0,0.00000,0,1,1,0,0.00000,0,,0.00000,0.00000,
0,NewMedia0,631,10.53412,55416784233,0.49072,0.47098,10.27118,0.26294,26,1,0.51555,0.43125,1,0.36042,0.24815,0,,0.53002,0.43194,1,0.50108,0.43056,1,0.35934,0.53332,17.52470,0.98668,1,0.74298,0.54516,18.39254,0.98668,1,0,0.00000,12,3.87006,1,4.23513,1,0.00000,0,0.00000,0,0.00000,0,1,1,0,0.00000,0,,0.00000,0.00000,
0,NewMedia0,632,10.53632,55416806567,0.49313,0.47030,10.27118,0.26514,26,1,0.52925,0.46004,1,0.36042,0.24815,0,,0.50898,0.46819,1,0.54953,0.45188,1,0.35898,0.53283,17.50504,0.98668,1,0.74292,0.54512,18.36125,0.98668,1,0,0.00000,12,3.94432,1,4.24657,1,0.00000,0,0.00000,0,0.00000,0,1,1,0,0.00000,0,,0.00000,0.00000,
0,NewMedia0,633,10.54730,55416916151,0.49525,0.46969,10.27118,0.27612,26,1,0.52925,0.46004,1,0.36042,0.24815,0,,0.50898,0.46819,1,0.54953,0.45188,1,0.35898,0.53318,17.38500,0.98668,1,0.74278,0.54526,18.40047,0.98668,1,0,0.00000,12,3.86999,1,4.20781,1,0.00000,0,0.00000,0,0.00000,0,1,1,0,0.00000,0,,0.00000,0.00000,
0,NewMedia0,634,10.58044,55417247373,0.49521,0.46774,10.27118,0.30927,26,1,0.49438,0.43454,1,0.36042,0.24815,0,,0.47454,0.44340,1,0.51421,0.42568,1,0.35874,0.53332,17.28932,0.98668,1,0.74235,0.54480,18.41936,0.98668,1,0,0.00000,12,3.94943,1,4.19935,1,0.00000,0,0.00000,0,0.00000,0,1,1,0,0.00000,0,,421.29123,0.27467,
0,NewMedia0,635,10.58203,55417263428,0.51526,0.44996,10.27118,0.30927,26,0,0.52253,0.47671,1,0.36042,0.24815,0,,0.54339,0.51416,1,0.50167,0.43926,1,0.35839,0.53336,17.33916,0.98668,1,0.74215,0.54485,18.35784,0.98668,1,0,0.00000,12,3.82944,1,4.24348,1,0.00000,0,0.00000,0,0.00000,0,1,1,0,0.00000,0,,0.00000,0.00000,
0,NewMedia0,636,10.60675,55417510631,0.51888,0.46562,10.27118,0.30927,26,0,0.52249,0.48127,1,0.36042,0.24815,0,,0.54339,0.51416,1,0.50160,0.44838,1,0.35801,0.53320,17.63605,0.98668,1,0.74206,0.54471,18.24539,0.97908,1,0,0.00000,12,3.90561,1,4.28320,1,0.00000,0,0.00000,0,0.00000,0,1,1,0,0.00000,0,,0.00000,0.00000,
0,NewMedia0,637,10.63416,55417784779,0.52733,0.46763,10.27118,0.30927,26,0,0.54422,0.47166,1,0.36042,0.24815,0,,0.52521,0.52257,1,0.56324,0.42076,1,0.35767,0.53326,17.36657,0.97908,1,0.74174,0.54429,18.07476,0.97147,1,0,0.00000,12,3.88143,1,4.24126,1,0.00000,0,0.00000,0,0.00000,0,1,1,0,0.00000,0,,0.00000,0.00000,
0,NewMedia0,638,10.64532,55417896379,0.52736,0.46094,10.58203,0.06329,27,1,0.52746,0.44085,1,0.36042,0.24815,0,,0.50527,0.42631,1,0.54965,0.45540,1,0.35771,0.53270,17.55812,0.97147,1,0.74160,0.54454,18.34150,0.96387,1,0,0.00000,12,3.90314,1,4.25757,1,0.00000,0,0.00000,0,0.00000,0,1,1,0,0.00000,0,,0.00000,0.00000,
0,NewMedia0,639,10.65466,55417989524,0.52757,0.45693,10.58203,0.07263,27,1,0.52841,0.44091,1,0.36042,0.24815,0,,0.50666,0.43704,1,0.55016,0.44478,1,0.35776,0.53285,17.56577,0.96387,1,0.74143,0.54472,18.40418,0.97256,1,0,0.00000,12,3.94681,1,4.26111,1,0.00000,0,0.00000,0,0.00000,0,1,1,0,0.00000,0,,0.00000,0.00000,
0,NewMedia0,640,10.69263,55418369270,0.52303,0.45611,10.58203,0.11060,27,1,0.50034,0.45202,1,0.36042,0.24815,0,,0.47958,0.46534,1,0.52111,0.43869,1,0.35750,0.53342,17.30621,0.97256,1,0.74128,0.54473,18.26341,0.98885,1,0,0.00000,12,3.90513,1,4.19233,1,0.00000,0,0.00000,0,0.00000,0,1,1,0,0.00000,0,,0.00000,0.00000,
0,NewMedia0,642,10.69550,55418398343,0.52101,0.43794,10.58203,0.11346,27,1,0.51427,0.37518,1,0.36042,0.24815,0,,0.50188,0.32380,1,0.52666,0.42656,1,0.35706,0.53380,17.39498,1.00515,1,0.74110,0.54494,18.35359,1.01275,1,0,0.00000,12,3.93818,1,4.18177,1,0.00000,0,0.00000,0,0.00000,0,1,1,0,0.00000,0,,59.07307,33.01217,
1,NewMedia0,0,0.00000,55418665147,0.52032,0.43339,0.00000,0.00000,1,1,0.51479,0.39699,1,0.36042,0.24815,0,,0.52446,0.33749,1,0.50512,0.45649,1,0.35685,0.53404,17.24915,1.01275,1,0.74064,0.54482,17.92066,1.00406,1,0,0.00000,12,3.82568,1,4.26370,1,0.00000,0,0.00000,0,0.00000,0,1,1,0,0.00000,0,,0.00000,0.00000,
1,NewMedia0,1,0.00873,55418751885,0.52019,0.43265,0.00000,0.00872,1,1,0.51902,0.42601,1,0.36042,0.24815,0,,0.53231,0.40101,1,0.50573,0.45100,1,0.35681,0.53402,17.24170,1.00406,1,0.74075,0.54518,17.78078,0.99537,1,0,0.00000,12,3.82782,1,4.22260,1,0.00000,0,0.00000,0,0.00000,0,1,1,0,0.00000,0,,0.00000,0.00000,
1,NewMedia0,2,0.02435,55418908445,0.52014,0.43260,0.00000,0.02435,1,1,0.51969,0.43208,1,0.36042,0.24815,0,,0.53366,0.41316,1,0.50573,0.45100,1,0.35667,0.53425,17.17836,0.99537,1,0.74084,0.54585,18.26092,0.99537,1,0,0.00000,12,3.86279,1,4.26122,1,0.00000,0,0.00000,0,0.00000,0,1,1,0,0.00000,0,,0.00000,0.00000,
1,NewMedia0,3,0.04187,55419083789,0.52267,0.43421,0.00000,0.04187,1,1,0.55050,0.45198,1,0.36042,0.24815,0,,0.51701,0.42868,1,0.58399,0.47528,1,0.35656,0.53440,17.04029,0.99537,1,0.74077,0.54594,18.13044,1.00406,1,0,0.00000,12,3.85958,1,4.29120,1,0.00000,0,0.00000,0,0.00000,0,1,1,0,0.00000,0,,0.00000,0.00000,
1,NewMedia0,4,0.05499,55419214556,0.52465,0.43543,0.00000,0.05499,1,1,0.54842,0.45005,1,0.36042,0.24815,0,,0.51424,0.43103,1,0.58259,0.46907,1,0.35651,0.53482,17.47420,1.00406,1,0.74069,0.54609,18.40830,1.01275,1,0,0.00000,12,3.84767,1,4.26514,1,0.00000,0,0.00000,0,0.00000,0,1,1,0,0.00000,0,,0.00000,0.00000,
1,NewMedia0,5,0.07135,55419378424,0.52633,0.43569,0.00000,0.07135,1,1,0.54806,0.43911,1,0.36042,0.24815,0,,0.51277,0.41919,1,0.58335,0.45903,1,0.35646,0.53493,17.40270,1.01275,1,0.74055,0.54581,18.03271,1.02144,1,0,0.00000,12,3.83447,1,4.25956,1,0.00000,0,0.00000,0,0.00000,0,1,1,0,0.00000,0,,0.00000,0.00000,
1,NewMedia0,6,0.08783,55419542874,0.52706,0.43424,0.00000,0.08783,1,1,0.53734,0.41394,1,0.36042,0.24815,0,,0.51674,0.39175,1,0.55794,0.43612,1,0.35646,0.53437,16.86984,1.02144,1,0.74038,0.54578,18.07451,1.02144,1,0,0.00000,12,3.82266,1,4.18530,1,0.00000,0,0.00000,0,0.00000,0,1,1,0,0.00000,0,,0.00000,0.00000,
1,NewMedia0,7,0.10419,55419706831,0.52746,0.43327,0.00000,0.10418,1,1,0.53345,0.41870,1,0.36042,0.24815,0,,0.50769,0.39857,1,0.55922,0.43882,1,0.35639,0.53443,16.91861,1.02144,1,0.74034,0.54581,18.10256,1.02144,1,0,0.00000,12,3.84392,1,4.19442,1,0.00000,0,0.00000,0,0.00000,0,1,1,0,0.00000,0,,0.00000,0.00000,
1,NewMedia0,8,0.12067,55419871707,0.52781,0.43241,0.00000,0.12066,1,1,0.53345,0.41870,1,0.36042,0.24815,0,,0.50769,0.39857,1,0.55922,0.43882,1,0.35640,0.53476,17.26790,1.02144,1,0.74030,0.54589,18.18669,1.02144,1,0,0.00000,12,3.81373,1,4.18510,1,0.00000,0,0.00000,0,0.00000,0,1,1,0,0.00000,0,,0.00000,0.00000,
1,NewMedia0,9,0.13708,55420035404,0.52798,0.43168,0.00000,0.13708,1,1,0.53083,0.41917,1,0.36042,0.24815,0,,0.50813,0.40650,1,0.55353,0.43185,1,0.35633,0.53488,17.25082,1.02144,1,0.74015,0.54578,18.19828,1.02144,1,0,0.00000,12,3.82741,1,4.13248,1,0.00000,0,0.00000,0,0.00000,0,1,1,0,0.00000,0,,0.00000,0.00000,
1,NewMedia0,10,0.15356,55420200352,0.52835,0.43017,0.00000,0.15356,1,1,0.53509,0.40294,1,0.36042,0.24815,0,,0.52500,0.37183,1,0.54517,0.43406,1,0.35615,0.53502,17.37131,1.02144,1,0.74009,0.54574,18.24324,1.02144,1,0,0.00000,12,3.85106,1,4.10072,1,0.00000,0,0.00000,0,0.00000,0,1,1,0,0.00000,0,,0.00000,0.00000,
1,NewMedia0,11,0.17023,55420366985,0.52868,0.42906,0.00000,0.17022,1,1,0.53487,0.40804,1,0.36042,0.24815,0,,0.52500,0.37183,1,0.54474,0.44426,1,0.35591,0.53434,16.86988,1.02144,1,0.74001,0.54568,18.01073,1.01275,1,0,0.00000,12,3.83272,1,4.14107,1,0.00000,0,0.00000,0,0.00000,0,1,1,0,0.00000,0,,0.00000,0.00000,
1,NewMedia0,12,0.18622,55420527108,0.52797,0.42902,0.00000,0.18621,1,1,0.51380,0.42829,1,0.36042,0.24815,0,,0.49612,0.40576,1,0.53148,0.45082,1,0.35579,0.53452,16.81089,1.01275,1,0.73987,0.54571,17.94632,1.00406,1,0,0.00000,12,3.78265,1,4.10138,1,0.00000,0,0.00000,0,0.00000,0,1,1,0,0.00000,0,,0.00000,0.00000,
1,NewMedia0,13,0.20276,55420692669,0.52693,0.42981,0.00000,0.20276,1,1,0.50500,0.44642,1,0.36042,0.24815,0,,0.49639,0.40572,1,0.51360,0.48712,1,0.35575,0.53439,16.96678,1.00406,1,0.73974,0.54548,17.97031,0.99537,1,0,0.00000,12,3.78436,1,4.14507,1,0.00000,0,0.00000,0,0.00000,0,1,1,0,0.00000,0,,0.00000,0.00000,
1,NewMedia0,14,0.21954,55420860049,0.52603,0.43144,0.00000,0.21954,1,1,0.50635,0.46727,1,0.36042,0.24815,0,,0.49945,0.42855,1,0.51326,0.50599,1,0.35563,0.53445,16.84585,0.98756,1,0.73976,0.54541,17.92892,0.97887,1,0,0.00000,12,3.78135,1,4.15795,1,0.00000,0,0.00000,0,0.00000,0,1,1,0,0.00000,0,,0.00000,0.00000,
1,NewMedia0,15,0.23572,55421022193,0.52685,0.43325,0.00000,0.23571,1,1,0.54568,0.47475,1,0.36042,0.24815,0,,0.52332,0.47862,1,0.56805,0.47087,1,0.35551,0.53519,16.97504,0.97106,1,0.73928,0.54528,17.63221,0.97106,1,0,0.00000,12,3.80356,1,4.17292,1,0.00000,0,0.00000,0,0.00000,0,1,1,0,0.00000,0,,0.00000,0.00000,
1,NewMedia0,16,0.25201,55421185232,0.52738,0.43573,0.00000,0.25201,1,1,0.54016,0.49522,1,0.36042,0.24815,0,,0.51570,0.51412,1,0.56461,0.47631,1,0.35513,0.53502,17.14614,0.96324,1,0.73895,0.54552,18.06174,0.96324,1,0,0.00000,12,3.82697,1,4.06790,1,0.00000,0,0.00000,0,0.00000,0,1,1,0,0.00000,0,,0.00000,0.00000,
1,NewMedia0,17,0.26880,55421352884,0.52789,0.43781,0.00000,0.26880,1,1,0.54048,0.48998,1,0.36042,0.24815,0,,0.51570,0.51412,1,0.56525,0.46585,1,0.35504,0.53457,17.06241,0.96324,1,0.73886,0.54546,18.05796,0.97193,1,0,0.00000,12,3.94941,1,4.08178,1,0.00000,0,0.00000,0,0.00000,0,1,1,0,0.00000,0,,0.00000,0.00000,
1,NewMedia0,18,0.28491,55421513789,0.52767,0.43949,0.00000,0.28491,1,1,0.52203,0.48321,1,0.36042,0.24815,0,,0.50724,0.49778,1,0.53682,0.46865,1,0.35463,0.53506,16.74679,0.97975,1,0.73868,0.54557,18.20493,0.98844,1,0,0.00000,12,3.88651,1,4.04846,1,0.00000,0,0.00000,0,0.00000,0,1,1,0,0.00000,0,,0.00000,0.00000,
1,NewMedia0,19,0.30133,55421678217,0.52729,0.43965,0.00000,0.30133,1,1,0.51690,0.44399,1,0.36042,0.24815,0,,0.49569,0.44480,1,0.53811,0.44317,1,0.35463,0.53509,16.69734,0.99625,1,0.73861,0.54558,18.19576,1.00494,1,0,0.00000,12,3.93003,1,4.05149,1,0.00000,0,0.00000,0,0.00000,0,1,1,0,0.00000,0,,0.00000,0.00000,
1,NewMedia0,20,0.31885,55421853505,0.52688,0.43926,0.00000,0.31884,1,1,0.51554,0.42819,1,0.36042,0.24815,0,,0.49262,0.42246,1,0.53845,0.43393,1,0.35456,0.53507,16.81347,1.01275,1,0.73839,0.54542,17.89614,1.01275,1,0,0.00000,12,3.91029,1,4.09712,1,0.00000,0,0.00000,0,0.00000,0,1,1,0,0.00000,0,,0.00000,0.00000,
1,NewMedia0,21,0.33655,55422030485,0.52663,0.43857,0.00000,0.33654,1,1,0.51936,0.41864,1,0.36042,0.24815,0,,0.50272,0.38739,1,0.53601,0.44990,1,0.35451,0.53476,16.45561,1.01275,1,0.73828,0.54539,17.79378,1.00406,1,0,0.00000,12,3.86972,1,3.97928,1,0.00000,0,0.00000,0,0.00000,0,1,1,0,0.00000,0,,0.00000,0.00000,
1,NewMedia0,22,0.35120,55422176544,0.52627,0.43871,0.00000,0.35119,1,1,0.51549,0.44270,1,0.36042,0.24815,0,,0.51810,0.43844,1,0.51287,0.44697,1,0.35455,0.53476,16.31775,1.00406,1,0.73833,0.54548,17.63922,0.99537,1,0,0.00000,12,3.64159,1,3.94313,1,0.00000,0,0.00000,0,0.00000,0,1,1,0,0.00000,0,,0.00000,0.00000,
1,NewMedia0,23,0.36713,55422336160,0.52593,0.43882,0.00000,0.36712,1,1,0.51547,0.44240,1,0.36042,0.24815,0,,0.51806,0.43811,1,0.51288,0.44668,1,0.35445,0.53491,16.23808,1.00430,1,0.73831,0.54511,16.95249,0.99561,1,0,0.00000,12,3.57414,1,3.92409,1,0.00000,0,0.00000,0,0.00000,0,1,1,0,0.00000,0,,0.00000,0.00000,
1,NewMedia0,24,0.38800,55422544889,0.52635,0.43792,0.00000,0.38800,1,1,0.53956,0.40894,1,0.36042,0.24815,0,,0.51655,0.40600,1,0.56258,0.41188,1,0.35441,0.53487,15.31326,1.00454,1,0.73817,0.54496,17.21756,1.00454,1,0,0.00000,12,3.62229,1,3.82625,1,0.00000,0,0.00000,0,0.00000,0,1,1,0,0.00000,0,,0.00000,0.00000,
1,NewMedia0,25,0.40002,55422665257,0.52711,0.43674,0.00000,0.40002,1,1,0.55224,0.39780,1,0.36042,0.24815,0,,0.54923,0.38892,1,0.55526,0.40669,1,0.35452,0.53520,15.17374,1.01347,1,0.73811,0.54548,16.65068,1.01347,1,0,0.00000,12,3.56669,1,3.71791,1,0.00000,0,0.00000,0,0.00000,0,1,1,0,0.00000,0,,0.00000,0.00000,
1,NewMedia0,26,0.41650,55422829842,0.52782,0.43529,0.00000,0.41650,1,1,0.55189,0.38614,1,0.36042,0.24815,0,,0.54798,0.37641,1,0.55580,0.39586,1,0.35453,0.53537,14.79924,1.02240,1,0.73793,0.54553,16.47450,1.02240,1,0,0.00000,12,3.50373,1,3.70752,1,0.00000,0,0.00000,0,0.00000,0,1,1,0,0.00000,0,,0.00000,0.00000,
1,NewMedia0,27,0.43274,55422992082,0.52872,0.43395,0.00000,0.43274,1,1,0.56036,0.38721,1,0.36042,0.24815,0,,0.55708,0.38215,1,0.56364,0.39227,1,0.35453,0.53506,14.01667,1.02240,1,0.73792,0.54584,15.62184,1.02240,1,0,0.00000,12,3.56693,1,3.59895,1,0.00000,0,0.00000,0,0.00000,0,1,1,0,0.00000,0,,0.00000,0.00000,
1,NewMedia0,28,0.45111,55423175701,0.52928,0.43235,0.00000,0.45111,1,1,0.54941,0.37476,1,0.36042,0.24815,0,,0.55564,0.37508,1,0.54319,0.37443,1,0.35457,0.53510,13.96087,1.02240,1,0.73806,0.54556,15.44116,1.02240,1,0,0.00000,12,3.56540,1,3.55833,1,0.00000,0,0.00000,0,0.00000,0,1,1,0,0.00000,0,,0.00000,0.00000,
1,NewMedia0,29,0.46747,55423339544,0.52981,0.43084,0.00000,0.46746,1,1,0.54941,0.37476,1,0.36042,0.24815,0,,0.55564,0.37508,1,0.54319,0.37443,1,0.35468,0.53519,13.35112,1.02240,1,0.73814,0.54570,15.26121,1.02240,1,0,0.00000,12,3.53660,1,3.49970,1,0.00000,0,0.00000,0,0.00000,0,1,1,0,0.00000,0,,18.55465,24.41014,
1,NewMedia0,30,0.48376,55423502594,0.53661,0.40383,0.00000,0.46746,1,0,0.55366,0.34039,1,0.36042,0.24815,0,,0.55623,0.34308,1,0.55109,0.33770,1,0.35460,0.53525,13.01896,1.02240,1,0.73786,0.54614,15.00699,1.02240,1,0,0.00000,12,3.55916,1,3.52023,1,0.00000,0,0.00000,0,0.00000,0,1,1,0,0.00000,0,,0.00000,0.00000,
1,NewMedia0,31,0.50037,55423668442,0.52410,0.34976,0.00000,0.46746,1,0,0.51159,0.29570,1,0.36042,0.24815,0,,0.49896,0.28699,1,0.52422,0.30440,1,0.35432,0.53527,12.64690,1.02240,1,0.73745,0.54584,14.48572,1.02240,1,0,0.00000,12,3.58420,1,3.57696,1,0.00000,0,0.00000,0,0.00000,0,1,1,0,0.00000,0,,0.00000,0.00000,
1,NewMedia0,32,0.51697,55423834655,0.52031,0.34113,0.00000,0.46746,1,0,0.51274,0.32385,1,0.36042,0.24815,0,,0.50199,0.31174,1,0.52349,0.33597,1,0.35379,0.53479,12.25395,1.00565,1,0.73622,0.54493,13.85940,0.99805,1,0,0.00000,12,3.74295,1,3.70631,1,0.00000,0,0.00000,0,0.00000,0,1,1,0,0.00000,0,,0.00000,0.00000,
1,NewMedia0,33,0.53308,55423995961,0.49803,0.30186,0.00000,0.46746,1,0,0.46976,0.28602,1,0.36042,0.24815,0,,0.46663,0.30853,1,0.47290,0.26351,1,0.35333,0.53350,12.28634,0.98131,1,0.73548,0.54348,13.58567,0.97370,1,0,0.00000,12,3.43143,1,3.49838,1,0.00000,0,0.00000,0,0.00000,0,1,1,0,0.00000,0,,0.00000,0.00000,
1,NewMedia0,34,0.54987,55424163356,0.49055,0.31118,0.00000,0.46746,1,0,0.48307,0.32051,1,0.36042,0.24815,0,,0.47519,0.38508,1,0.49096,0.25594,1,0.35321,0.53344,12.36015,0.95696,1,0.73563,0.54395,13.94920,0.94936,1,0,0.00000,12,3.46680,1,3.54576,1,0.00000,0,0.00000,0,0.00000,0,1,1,0,0.00000,0,,0.00000,0.00000,
1,NewMedia0,35,0.56610,55424325804,0.48865,0.32048,0.00000,0.46746,1,0,0.48484,0.33907,1,0.36042,0.24815,0,,0.47871,0.40935,1,0.49097,0.26880,1,0.35363,0.53393,12.51311,0.94043,1,0.73545,0.54391,13.53273,0.94043,1,0,0.00000,12,3.52317,1,3.53619,1,0.00000,0,0.00000,0,0.00000,0,1,1,0,0.00000,0,,0.00000,0.00000,
1,NewMedia0,36,0.58240,55424488764,0.48435,0.32268,0.53308,0.04932,2,1,0.47146,0.32928,1,0.36042,0.24815,0,,0.49909,0.38325,1,0.44382,0.27530,1,0.35368,0.53358,11.60718,0.94824,1,0.73589,0.54365,12.91101,0.95585,1,0,0.00000,12,3.58838,1,3.52452,1,0.00000,0,0.00000,0,0.00000,0,1,1,0,0.00000,0,,0.00000,0.00000,
1,NewMedia0,37,0.60052,55424670169,0.47898,0.32514,0.53308,0.06744,2,1,0.45749,0.33498,1,0.36042,0.24815,0,,0.49927,0.36551,1,0.41571,0.30444,1,0.35373,0.53345,11.41399,0.96366,1,0.73606,0.54348,12.58856,0.97126,1,0,0.00000,12,3.58265,1,3.58970,1,0.00000,0,0.00000,0,0.00000,0,1,1,0,0.00000,0,,0.00000,0.00000,
1,NewMedia0,38,0.61597,55424824655,0.47505,0.32315,0.53308,0.08289,2,1,0.45542,0.31322,1,0.36042,0.24815,0,,0.49633,0.34263,1,0.41451,0.28381,1,0.35390,0.53411,11.39741,0.97908,1,0.73605,0.54360,12.55517,0.98668,1,0,0.00000,12,3.38712,1,3.58194,1,0.00000,0,0.00000,0,0.00000,0,1,1,0,0.00000,0,,0.00000,0.00000,
1,NewMedia0,39,0.63184,55424983330,0.46822,0.31831,0.53308,0.09875,2,1,0.42720,0.28926,1,0.36042,0.24815,0,,0.41415,0.32708,1,0.44024,0.25143,1,0.35400,0.53435,11.13282,0.98668,1,0.73613,0.54351,12.57645,0.98668,1,0,0.00000,12,3.50485,1,3.57002,1,0.00000,0,0.00000,0,0.00000,0,1,1,0,0.00000,0,,0.00000,0.00000,
1,NewMedia0,40,0.65088,55425173546,0.46489,0.31629,0.53308,0.11780,2,1,0.44164,0.30215,1,0.36042,0.24815,0,,0.43415,0.33539,1,0.44913,0.26891,1,0.35431,0.53510,11.57563,0.98668,1,0.73613,0.54351,12.57645,0.98668,1,0,0.00000,12,3.65032,1,3.57301,1,0.00000,0,0.00000,0,0.00000,0,1,1,0,0.00000,0,,0.00000,0.00000,
1,NewMedia0,41,0.66492,55425314161,0.46231,0.31472,0.53308,0.13184,2,1,0.44164,0.30215,1,0.36042,0.24815,0,,0.43415,0.33539,1,0.44913,0.26891,1,0.35400,0.53483,11.04843,0.98668,1,0.73612,0.54355,12.48118,0.98668,1,0,0.00000,12,3.58754,1,3.56252,1,0.00000,0,0.00000,0,0.00000,0,1,1,0,0.00000,0,,0.00000,0.00000,
1,NewMedia0,42,0.68134,55425477917,0.45741,0.31563,0.53308,0.14825,2,1,0.41330,0.32383,1,0.36042,0.24815,0,,0.43704,0.32992,1,0.38956,0.31774,1,0.35341,0.53496,11.99735,0.98668,1,0.73581,0.54538,13.31977,0.98668,1,0,0.00000,12,3.61476,1,3.69304,1,0.00000,0,0.00000,0,0.00000,0,1,1,0,0.00000,0,,0.00000,0.00000,
1,NewMedia0,43,0.69757,55425640793,0.45265,0.31033,0.53308,0.16449,2,1,0.40504,0.25734,1,0.36042,0.24815,0,,0.40982,0.22532,1,0.40026,0.28936,1,0.35323,0.53424,11.71729,0.98668,1,0.73541,0.54361,12.61906,0.98668,1,0,0.00000,12,3.47629,1,3.68626,1,0.00000,0,0.00000,0,0.00000,0,1,1,0,0.00000,0,,0.00000,0.00000,
1,NewMedia0,44,0.71808,55425845619,0.44882,0.30728,0.53308,0.18500,2,1,0.40678,0.27371,1,0.36042,0.24815,0,,0.41187,0.23757,1,0.40168,0.30985,1,0.35254,0.53315,11.17634,0.97887,1,0.73485,0.54336,12.08918,0.97126,1,0,0.00000,12,3.44497,1,3.66405,1,0.00000,0,0.00000,0,0.00000,0,1,1,0,0.00000,0,,0.00000,0.00000,
1,NewMedia0,45,0.73053,55425970389,0.44429,0.30603,0.53308,0.19745,2,1,0.38992,0.29110,1,0.36042,0.24815,0,,0.40526,0.21469,1,0.37458,0.36750,1,0.35260,0.53446,11.04073,0.96345,1,0.73497,0.54410,12.00260,0.95585,1,0,0.00000,12,3.57896,1,4.00556,1,0.00000,0,0.00000,0,0.00000,0,1,1,0,0.00000,0,,0.00000,0.00000,
1,NewMedia0,46,0.74689,55426133429,0.44229,0.30588,0.53308,0.21381,2,1,0.41619,0.30385,1,0.36042,0.24815,0,,0.42631,0.28217,1,0.40607,0.32553,1,0.35286,0.53412,11.02559,0.94804,1,0.73490,0.54407,12.02561,0.94043,1,0,0.00000,12,3.62792,1,3.88103,1,0.00000,0,0.00000,0,0.00000,0,1,1,0,0.00000,0,,0.00000,0.00000,
1,NewMedia0,47,0.76294,55426294421,0.44059,0.30575,0.53308,0.22986,2,1,0.41678,0.30395,1,0.36042,0.24815,0,,0.42828,0.29416,1,0.40528,0.31373,1,0.35281,0.53426,11.04298,0.94043,1,0.73508,0.54410,11.68901,0.94912,1,0,0.00000,12,3.62218,1,3.77869,1,0.00000,0,0.00000,0,0.00000,0,1,1,0,0.00000,0,,0.00000,0.00000,
1,NewMedia0,48,0.77960,55426460679,0.43717,0.30438,0.53308,0.24652,2,1,0.38587,0.28379,1,0.36042,0.24815,0,,0.41496,0.28175,1,0.35678,0.28583,1,0.35304,0.53436,10.34406,0.95693,1,0.73520,0.54454,11.72558,0.97323,1,0,0.00000,12,3.57133,1,3.81191,1,0.00000,0,0.00000,0,0.00000,0,1,1,0,0.00000,0,,0.00000,0.00000,
1,NewMedia0,49,0.79620,55426627119,0.43470,0.30208,0.53308,0.26312,2,1,0.39518,0.26539,1,0.36042,0.24815,0,,0.41429,0.27380,1,0.37607,0.25698,1,0.35321,0.53430,10.14856,0.98104,1,0.73535,0.54469,11.93808,0.99734,1,0,0.00000,12,3.58373,1,3.76123,1,0.00000,0,0.00000,0,0.00000,0,1,1,0,0.00000,0,,0.00000,0.00000,
1,NewMedia0,50,0.81262,55426790778,0.43228,0.29845,0.53308,0.27954,2,1,0.39117,0.23663,1,0.36042,0.24815,0,,0.40803,0.23696,1,0.37431,0.23630,1,0.35349,0.53409,10.46706,1.00515,1,0.73590,0.54472,12.14859,1.01275,1,0,0.00000,12,3.65160,1,3.72318,1,0.00000,0,0.00000,0,0.00000,0,1,1,0,0.00000,0,,235.60356,142.63634,
1,NewMedia0,51,0.83209,55426985916,0.40878,0.27869,0.53308,0.27954,2,0,0.40187,0.20038,1,0.36042,0.24815,0,,0.40390,0.17356,1,0.39984,0.22721,1,0.35352,0.53403,10.58876,1.01275,1,0.73535,0.54501,12.55697,1.00406,1,0,0.00000,12,3.39274,1,3.60630,1,0.00000,0,0.00000,0,0.00000,0,1,1,0,0.00000,0,,0.00000,0.00000,
1,NewMedia0,52,0.84546,55427119640,0.39655,0.23987,0.53308,0.27954,2,0,0.38433,0.20105,1,0.36042,0.24815,0,,0.37991,0.14944,1,0.38875,0.25266,1,0.35338,0.53352,10.40669,1.00406,1,0.73532,0.54486,12.55892,0.99537,1,0,0.00000,12,3.46194,1,3.65063,1,0.00000,0,0.00000,0,0.00000,0,1,1,0,0.00000,0,,0.00000,0.00000,
1,NewMedia0,53,0.86182,55427283122,0.39354,0.23507,0.53308,0.27954,2,0,0.38751,0.22548,1,0.36042,0.24815,0,,0.38458,0.17599,1,0.39044,0.27497,1,0.35369,0.53353,10.68929,0.98756,1,0.73614,0.54431,11.84195,0.97887,1,0,0.00000,12,3.41675,1,3.76941,1,0.00000,0,0.00000,0,0.00000,0,1,1,0,0.00000,0,,0.00000,0.00000,
1,NewMedia0,54,0.87823,55427447022,0.39350,0.25206,0.83209,0.04614,3,1,0.39339,0.30301,1,0.36042,0.24815,0,,0.41015,0.27217,1,0.37663,0.33385,1,0.35373,0.53362,10.68173,0.97106,1,0.73618,0.54343,11.94225,0.97106,1,0,0.00000,12,3.41826,1,3.68785,1,0.00000,0,0.00000,0,0.00000,0,1,1,0,0.00000,0,,0.00000,0.00000,
1,NewMedia0,55,0.89471,55427611822,0.39733,0.26128,0.83209,0.06262,3,1,0.41266,0.29819,1,0.36042,0.24815,0,,0.42494,0.28259,1,0.40038,0.31380,1,0.35410,0.53347,10.80149,0.96324,1,0.73632,0.54323,11.81993,0.96324,1,0,0.00000,12,3.37963,1,3.73792,1,0.00000,0,0.00000,0,0.00000,0,1,1,0,0.00000,0,,0.00000,0.00000,
1,NewMedia0,56,0.91132,55427777933,0.40005,0.26835,0.83209,0.07922,3,1,0.41362,0.30367,1,0.36042,0.24815,0,,0.42694,0.29471,1,0.40030,0.31263,1,0.35485,0.53333,10.93368,0.95543,1,0.73671,0.54395,12.38453,0.96412,1,0,0.00000,12,3.49379,1,3.61748,1,0.00000,0,0.00000,0,0.00000,0,1,1,0,0.00000,0,,0.00000,0.00000,
1,NewMedia0,57,0.92767,55427941353,0.39859,0.27265,0.83209,0.09558,3,1,0.38986,0.29844,1,0.36042,0.24815,0,,0.39447,0.33451,1,0.38524,0.26236,1,0.35466,0.53316,10.45680,0.96412,1,0.73681,0.54429,12.46388,0.97281,1,0,0.00000,12,3.51020,1,3.53652,1,0.00000,0,0.00000,0,0.00000,0,1,1,0,0.00000,0,,0.00000,0.00000,
1,NewMedia0,58,0.94666,55428131394,0.40672,0.28169,0.83209,0.11456,3,1,0.46358,0.34498,1,0.36042,0.24815,0,,0.48045,0.37112,1,0.44671,0.31885,1,0.35477,0.53541,11.36255,0.97281,1,0.73763,0.54410,12.00260,0.98150,1,0,0.00000,12,3.70072,1,4.00059,1,0.00000,0,0.00000,0,0.00000,0,1,1,0,0.00000,0,,0.00000,0.00000,
1,NewMedia0,59,0.96045,55428269607,0.41280,0.28618,0.83209,0.12836,3,1,0.46151,0.32207,1,0.36042,0.24815,0,,0.47707,0.34703,1,0.44595,0.29710,1,0.35721,0.53388,10.67818,0.98932,1,0.73858,0.54553,12.26335,0.99801,1,0,0.00000,12,3.98334,1,3.63640,1,0.00000,0,0.00000,0,0.00000,0,1,1,0,0.00000,0,,0.00000,0.00000,
1,NewMedia0,60,0.97693,55428433947,0.41672,0.28706,0.83209,0.14484,3,1,0.45193,0.29497,1,0.36042,0.24815,0,,0.44750,0.30824,1,0.45635,0.28171,1,0.35733,0.53496,10.64785,1.00582,1,0.73888,0.54495,12.23944,1.00582,1,0,0.00000,12,3.81126,1,3.36814,1,0.00000,0,0.00000,0,0.00000,0,1,1,0,0.00000,0,,0.00000,0.00000,
1,NewMedia0,61,0.99298,55428594440,0.42150,0.28670,0.83209,0.16089,3,1,0.46937,0.28319,1,0.36042,0.24815,0,,0.45920,0.32213,1,0.47954,0.24424,1,0.35748,0.53468,10.72048,1.01363,1,0.73900,0.54431,12.22146,1.01363,1,0,0.00000,12,3.89236,1,3.48763,1,0.00000,0,0.00000,0,0.00000,0,1,1,0,0.00000,0,,0.00000,0.00000,
1,NewMedia0,62,1.00970,55428761954,0.42550,0.28690,0.83209,0.17761,3,1,0.46942,0.28909,1,0.36042,0.24815,0,,0.45920,0.32213,1,0.47965,0.25604,1,0.35753,0.53468,10.85650,1.01363,1,0.73974,0.54448,12.31161,1.00494,1,0,0.00000,12,3.84878,1,3.43837,1,0.00000,0,0.00000,0,0.00000,0,1,1,0,0.00000,0,,0.00000,0.00000,
1,NewMedia0,63,1.02618,55428926692,0.43002,0.29003,0.83209,0.19409,3,1,0.48430,0.32756,1,0.36042,0.24815,0,,0.46547,0.34406,1,0.50312,0.31106,1,0.35768,0.53415,11.01473,0.99713,1,0.73973,0.54518,12.42486,0.98844,1,0,0.00000,12,3.95500,1,3.44743,1,0.00000,0,0.00000,0,0.00000,0,1,1,0,0.00000,0,,0.00000,0.00000,
1,NewMedia0,64,1.04529,55429117567,0.43341,0.29280,0.83209,0.21320,3,1,0.47742,0.32887,1,0.36042,0.24815,0,,0.48440,0.28787,1,0.47045,0.36988,1,0.35780,0.53412,11.19448,0.98062,1,0.73926,0.54574,12.80268,0.97193,1,0,0.00000,12,3.95181,1,3.57369,1,0.00000,0,0.00000,0,0.00000,0,1,1,0,0.00000,0,,0.00000,0.00000,
1,NewMedia0,65,1.06146,55429279693,0.43647,0.29708,0.83209,0.22937,3,1,0.47935,0.35702,1,0.36042,0.24815,0,,0.48771,0.31321,1,0.47099,0.40082,1,0.35799,0.53465,11.65359,0.96412,1,0.73986,0.54438,12.28173,0.94783,1,0,0.00000,12,3.87618,1,3.85430,1,0.00000,0,0.00000,0,0.00000,0,1,1,0,0.00000,0,,0.00000,0.00000,
1,NewMedia0,66,1.07556,55429420177,0.43834,0.30317,0.83209,0.24347,3,1,0.46644,0.39452,1,0.36042,0.24815,0,,0.49884,0.36752,1,0.43404,0.42153,1,0.35776,0.53376,11.06940,0.94783,1,0.73995,0.54558,12.81826,0.94022,1,0,0.00000,12,3.95076,1,3.52927,1,0.00000,0,0.00000,0,0.00000,0,1,1,0,0.00000,0,,12.70288,336.34088,
1,NewMedia0,67,1.09167,55429581755,0.45956,0.32956,0.83209,0.24347,3,0,0.48797,0.41034,1,0.36042,0.24815,0,,0.52347,0.35437,1,0.45247,0.46632,1,0.35780,0.53404,11.28940,0.94022,1,0.74003,0.54537,12.80150,0.93262,1,0,0.00000,12,3.86771,1,3.51891,1,0.00000,0,0.00000,0,0.00000,0,1,1,0,0.00000,0,,0.00000,0.00000,
1,NewMedia0,68,1.10858,55429750897,0.47358,0.36480,0.83209,0.24347,3,0,0.48760,0.40004,1,0.36042,0.24815,0,,0.52343,0.35405,1,0.45178,0.44603,1,0.35799,0.53465,11.58913,0.94043,1,0.74044,0.54530,13.30983,0.94912,1,0,0.00000,12,3.86434,1,3.51954,1,0.00000,0,0.00000,0,0.00000,0,1,1,0,0.00000,0,,0.00000,0.00000,
1,NewMedia0,69,1.12488,55429913813,0.47528,0.34193,0.83209,0.24347,3,0,0.47868,0.29620,1,0.36042,0.24815,0,,0.48317,0.28800,1,0.47418,0.30440,1,0.35845,0.53533,11.94430,0.95693,1,0.74037,0.54529,13.49972,0.97323,1,0,0.00000,12,3.68750,1,3.51489,1,0.00000,0,0.00000,0,0.00000,0,1,1,0,0.00000,0,,0.00000,0.00000,
1,NewMedia0,70,1.14105,55430075455,0.47865,0.35260,1.09167,0.04938,4,1,0.48875,0.38460,1,0.36042,0.24815,0,,0.50561,0.40108,1,0.47190,0.36812,1,0.35834,0.53441,11.91477,0.98104,1,0.74049,0.54631,13.35250,0.99734,1,0,0.00000,12,3.69619,1,3.94479,1,0.00000,0,0.00000,0,0.00000,0,1,1,0,0.00000,0,,0.00000,0.00000,
1,NewMedia0,71,1.17169,55430381934,0.48020,0.35364,1.09167,0.08002,4,1,0.48641,0.35779,1,0.36042,0.24815,0,,0.50124,0.36677,1,0.47158,0.34880,1,0.35916,0.53628,12.68050,1.00515,1,0.74175,0.54740,13.39982,1.01275,1,0,0.00000,12,3.49366,1,3.60620,1,0.00000,0,0.00000,0,0.00000,0,1,1,0,0.00000,0,,0.00000,0.00000,
1,NewMedia0,72,1.17480,55430413173,0.48446,0.35185,1.09167,0.08313,4,1,0.50578,0.34292,1,0.36042,0.24815,0,,0.50887,0.28123,1,0.50269,0.40461,1,0.35911,0.53800,12.60457,1.01275,1,0.74186,0.54804,13.73544,1.00406,1,0,0.00000,12,3.54039,1,3.50354,1,0.00000,0,0.00000,0,0.00000,0,1,1,0,0.00000,0,,0.00000,0.00000,
1,NewMedia0,73,1.18872,55430552116,0.49069,0.35351,1.09167,0.09705,4,1,0.52802,0.36345,1,0.36042,0.24815,0,,0.53402,0.30906,1,0.52203,0.41784,1,0.35951,0.53782,13.26285,1.00406,1,0.74178,0.54784,13.81442,0.99537,1,0,0.00000,12,3.58518,1,3.45960,1,0.00000,0,0.00000,0,0.00000,0,1,1,0,0.00000,0,,0.00000,0.00000,
1,NewMedia0,74,1.20520,55430716774,0.49542,0.35622,1.09167,0.11353,4,1,0.52857,0.37522,1,0.36042,0.24815,0,,0.53536,0.32203,1,0.52178,0.42840,1,0.35959,0.53781,13.26462,0.99537,1,0.74217,0.54785,13.99319,0.98668,1,0,0.00000,12,3.55808,1,3.59349,1,0.00000,0,0.00000,0,0.00000,0,1,1,0,0.00000,0,,0.00000,0.00000,
1,NewMedia0,75,1.22137,55430878537,0.49783,0.36168,1.09167,0.12970,4,1,0.51712,0.40535,1,0.36042,0.24815,0,,0.50544,0.36481,1,0.52879,0.44588,1,0.35999,0.53768,12.83347,0.98668,1,0.74240,0.54793,14.34840,0.98668,1,0,0.00000,12,3.64774,1,3.49376,1,0.00000,0,0.00000,0,0.00000,0,1,1,0,0.00000,0,,0.00000,0.00000,
1,NewMedia0,76,1.23785,55431043170,0.50054,0.36475,1.09167,0.14618,4,1,0.52486,0.39235,1,0.36042,0.24815,0,,0.52282,0.39047,1,0.52690,0.39424,1,0.35999,0.53768,12.83347,0.98668,1,0.74233,0.54781,14.45285,0.98668,1,0,0.00000,12,3.64842,1,3.50494,1,0.00000,0,0.00000,0,0.00000,0,1,1,0,0.00000,0,,0.00000,0.00000,
1,NewMedia0,77,1.25458,55431210498,0.50275,0.36726,1.09167,0.16290,4,1,0.52486,0.39235,1,0.36042,0.24815,0,,0.52282,0.39047,1,0.52690,0.39424,1,0.35976,0.53734,12.65777,0.98668,1,0.74246,0.54800,14.44188,0.98668,1,0,0.00000,12,3.62499,1,3.56212,1,0.00000,0,0.00000,0,0.00000,0,1,1,0,0.00000,0,,0.00000,0.00000,
1,NewMedia0,78,1.27087,55431373356,0.50463,0.37181,1.09167,0.17920,4,1,0.52534,0.42184,1,0.36042,0.24815,0,,0.52186,0.39779,1,0.52881,0.44590,1,0.35976,0.53734,12.65777,0.98668,1,0.74242,0.54793,14.51110,0.98668,1,0,0.00000,12,3.62531,1,3.51568,1,0.00000,0,0.00000,0,0.00000,0,1,1,0,0.00000,0,,0.00000,0.00000,
1,NewMedia0,79,1.28741,55431539048,0.50544,0.37816,1.09167,0.19574,4,1,0.51511,0.45438,1,0.36042,0.24815,0,,0.49655,0.42355,1,0.53366,0.48521,1,0.35974,0.53729,12.73468,0.98668,1,0.74213,0.54859,15.08479,0.98668,1,0,0.00000,12,3.59674,1,3.59765,1,0.00000,0,0.00000,0,0.00000,0,1,1,0,0.00000,0,,0.00000,0.00000,
1,NewMedia0,80,1.30371,55431701737,0.50613,0.38360,1.09167,0.21204,4,1,0.51511,0.45438,1,0.36042,0.24815,0,,0.49655,0.42355,1,0.53366,0.48521,1,0.35954,0.53755,12.71227,0.98668,1,0.74228,0.54832,14.88967,0.98668,1,0,0.00000,12,3.60451,1,3.59589,1,0.00000,0,0.00000,0,0.00000,0,1,1,0,0.00000,0,,0.00000,0.00000,
1,NewMedia0,81,1.31989,55431863690,0.50722,0.38797,1.09167,0.22821,4,1,0.52259,0.44913,1,0.36042,0.24815,0,,0.51437,0.43225,1,0.53082,0.46600,1,0.35930,0.53760,13.33350,0.98668,1,0.74211,0.54856,14.98224,0.98668,1,0,0.00000,12,3.55132,1,3.65266,1,0.00000,0,0.00000,0,0.00000,0,1,1,0,0.00000,0,,0.00000,0.00000,
1,NewMedia0,82,1.33624,55432027326,0.50798,0.39244,1.09167,0.24457,4,1,0.51932,0.45954,1,0.36042,0.24815,0,,0.50387,0.43470,1,0.53476,0.48438,1,0.35933,0.53757,13.36665,0.98668,1,0.74214,0.54855,15.12089,0.98668,1,0,0.00000,12,3.54799,1,3.65241,1,0.00000,0,0.00000,0,0.00000,0,1,1,0,0.00000,0,,0.00000,0.00000,
1,NewMedia0,83,1.35303,55432195095,0.50868,0.39697,1.09167,0.26135,4,1,0.51986,0.46946,1,0.36042,0.24815,0,,0.50529,0.44548,1,0.53443,0.49345,1,0.35964,0.53779,13.96070,0.97887,1,0.74221,0.54849,15.27217,0.97887,1,0,0.00000,12,3.48996,1,3.62469,1,0.00000,0,0.00000,0,0.00000,0,1,1,0,0.00000,0,,168.82465,323.12619,
1,NewMedia0,84,1.38361,55432500628,0.51932,0.42478,1.09167,0.26135,4,0,0.49114,0.45991,1,0.36042,0.24815,0,,0.52197,0.48309,1,0.46032,0.43673,1,0.35978,0.53784,14.03170,0.97106,1,0.74234,0.54899,15.37011,0.97106,1,0,0.00000,12,3.49641,1,3.73333,1,0.00000,0,0.00000,0,0.00000,0,1,1,0,0.00000,0,,0.00000,0.00000,
1,NewMedia0,85,1.38910,55432555789,0.50076,0.44502,1.09167,0.26135,4,0,0.48220,0.46526,1,0.36042,0.24815,0,,0.49538,0.51752,1,0.46902,0.41300,1,0.35976,0.53815,13.90622,0.96324,1,0.74248,0.54908,15.26220,0.96324,1,0,0.00000,12,3.65467,1,3.72767,1,0.00000,0,0.00000,0,0.00000,0,1,1,0,0.00000,0,,0.00000,0.00000,
1,NewMedia0,86,1.40228,55432687647,0.49463,0.45475,1.09167,0.26135,4,0,0.48237,0.47420,1,0.36042,0.24815,0,,0.49538,0.51752,1,0.46937,0.43089,1,0.36008,0.53872,14.04112,0.96324,1,0.74311,0.54929,15.48095,0.94893,1,0,0.00000,12,3.58065,1,3.60398,1,0.00000,0,0.00000,0,0.00000,0,1,1,0,0.00000,0,,0.00000,0.00000,
1,NewMedia0,87,1.41846,55432849565,0.49400,0.44915,1.38361,0.03485,5,1,0.49210,0.43236,1,0.36042,0.24815,0,,0.49583,0.40225,1,0.48838,0.46246,1,0.36045,0.53887,13.56485,0.95674,1,0.74318,0.54939,15.51749,0.94243,1,0,0.00000,12,3.63127,1,3.63733,1,0.00000,0,0.00000,0,0.00000,0,1,1,0,0.00000,0,,0.00000,0.00000,
1,NewMedia0,88,1.43518,55433016550,0.49426,0.44794,1.38361,0.05157,5,1,0.49530,0.44310,1,0.36042,0.24815,0,,0.50712,0.38461,1,0.48348,0.50159,1,0.36028,0.53886,14.13503,0.95024,1,0.74318,0.55009,15.52050,0.93593,1,0,0.00000,12,3.59523,1,3.81283,1,0.00000,0,0.00000,0,0.00000,0,1,1,0,0.00000,0,,0.00000,0.00000,
1,NewMedia0,89,1.45197,55433184717,0.49453,0.44792,1.38361,0.06836,5,1,0.49591,0.44781,1,0.36042,0.24815,0,,0.50833,0.39428,1,0.48348,0.50134,1,0.36027,0.53898,14.25296,0.94374,1,0.74296,0.55035,15.91745,0.93614,1,0,0.00000,12,3.55136,1,3.75367,1,0.00000,0,0.00000,0,0.00000,0,1,1,0,0.00000,0,,0.00000,0.00000,
1,NewMedia0,90,1.46826,55433347483,0.49631,0.45838,1.38361,0.08466,5,1,0.50694,0.52119,1,0.36042,0.24815,0,,0.51558,0.48869,1,0.49829,0.55368,1,0.36019,0.53928,13.86406,0.93614,1,0.74303,0.55067,16.08470,0.94285,1,0,0.00000,12,3.56013,1,3.74715,1,0.00000,0,0.00000,0,0.00000,0,1,1,0,0.00000,0,,0.00000,0.00000,
1,NewMedia0,91,1.48694,55433534103,0.49724,0.46448,1.38361,0.10333,5,1,0.50375,0.50714,1,0.36042,0.24815,0,,0.52297,0.52296,1,0.48453,0.49133,1,0.36030,0.53931,14.98233,0.94285,1,0.74312,0.55066,16.14148,0.94955,1,0,0.00000,12,3.50907,1,3.76818,1,0.00000,0,0.00000,0,0.00000,0,1,1,0,0.00000,0,,0.00000,0.00000,
1,NewMedia0,92,1.50549,55433719758,0.49789,0.46827,1.38361,0.12189,5,1,0.50315,0.49862,1,0.36042,0.24815,0,,0.52181,0.51387,1,0.48448,0.48336,1,0.36027,0.53928,15.06503,0.94955,1,0.74306,0.55082,16.50513,0.95626,1,0,0.00000,12,3.49206,1,3.71874,1,0.00000,0,0.00000,0,0.00000,0,1,1,0,0.00000,0,,0.00000,0.00000,
1,NewMedia0,93,1.51721,55433836730,0.49770,0.46906,1.38361,0.13361,5,1,0.49598,0.47616,1,0.36042,0.24815,0,,0.50892,0.46890,1,0.48303,0.48342,1,0.36012,0.53960,14.99168,0.95626,1,0.74305,0.55093,16.57229,0.95626,1,0,0.00000,12,3.40429,1,3.69023,1,0.00000,0,0.00000,0,0.00000,0,1,1,0,0.00000,0,,0.00000,0.00000,
1,NewMedia0,94,1.53375,55434002088,0.49747,0.47138,1.38361,0.15015,5,1,0.49514,0.49459,1,0.36042,0.24815,0,,0.50601,0.50521,1,0.48428,0.48398,1,0.36022,0.53986,14.98596,0.95626,1,0.74302,0.55098,16.41658,0.95626,1,0,0.00000,12,3.62649,1,3.70412,1,0.00000,0,0.00000,0,0.00000,0,1,1,0,0.00000,0,,0.00000,0.00000,
1,NewMedia0,95,1.55005,55434165475,0.49727,0.47332,1.38361,0.16644,5,1,0.49514,0.49459,1,0.36042,0.24815,0,,0.50601,0.50521,1,0.48428,0.48398,1,0.36032,0.53976,14.82464,0.95626,1,0.74308,0.55098,16.40361,0.95626,1,0,0.00000,12,3.80506,1,3.73777,1,0.00000,0,0.00000,0,0.00000,0,1,1,0,0.00000,0,,0.00000,0.00000,
1,NewMedia0,96,1.56616,55434326667,0.49730,0.47522,1.38361,0.18256,5,1,0.49756,0.49810,1,0.36042,0.24815,0,,0.50326,0.49440,1,0.49185,0.50179,1,0.36028,0.53976,14.92188,0.95626,1,0.74315,0.55084,16.41731,0.95626,1,0,0.00000,12,3.78855,1,3.74324,1,0.00000,0,0.00000,0,0.00000,0,1,1,0,0.00000,0,,0.00000,0.00000,
1,NewMedia0,97,1.58301,55434495131,0.49838,0.47738,1.38361,0.19940,5,1,0.51247,0.50535,1,0.36042,0.24815,0,,0.52812,0.50699,1,0.49682,0.50372,1,0.36037,0.53903,14.99837,0.95626,1,0.74312,0.55085,16.52956,0.95626,1,0,0.00000,12,3.92132,1,3.73485,1,0.00000,0,0.00000,0,0.00000,0,1,1,0,0.00000,0,,0.00000,0.00000,
1,NewMedia0,98,1.61115,55434776475,0.49932,0.47894,1.38361,0.22754,5,1,0.51248,0.50091,1,0.36042,0.24815,0,,0.52812,0.50699,1,0.49685,0.49483,1,0.36036,0.54017,15.30293,0.95626,1,0.74310,0.55086,16.90560,0.96387,1,0,0.00000,12,3.69663,1,3.73996,1,0.00000,0,0.00000,0,0.00000,0,1,1,0,0.00000,0,,0.00000,0.00000,
1,NewMedia0,99,1.61603,55434824958,0.49942,0.48002,1.38361,0.23242,5,1,0.50095,0.49609,1,0.36042,0.24815,0,,0.50110,0.52004,1,0.50080,0.47214,1,0.36040,0.54015,15.30493,0.96387,1,0.74336,0.55081,16.76838,0.97147,1,0,0.00000,12,3.69065,1,3.85689,1,0.00000,0,0.00000,0,0.00000,0,1,1,0,0.00000,0,,0.00000,0.00000,
1,NewMedia0,100,1.63226,55434987483,0.49950,0.47863,1.38361,0.24866,5,1,0.50071,0.45652,1,0.36042,0.24815,0,,0.48450,0.45984,1,0.51692,0.45321,1,0.36043,0.53997,15.21126,0.97147,1,0.74333,0.55067,16.92199,0.97908,1,0,0.00000,12,3.73864,1,3.78217,1,0.00000,0,0.00000,0,0.00000,0,1,1,0,0.00000,0,,0.00000,0.00000,
1,NewMedia0,101,1.64868,55435151816,0.49953,0.47686,1.38361,0.26508,5,1,0.50004,0.44676,1,0.36042,0.24815,0,,0.48297,0.44942,1,0.51710,0.44409,1,0.36048,0.53990,15.24716,0.97908,1,0.74349,0.55066,16.86885,0.98668,1,0,0.00000,12,3.74236,1,3.84724,1,0.00000,0,0.00000,0,0.00000,0,1,1,0,0.00000,0,,0.00000,0.00000,
1,NewMedia0,102,1.66510,55435315792,0.49984,0.47664,1.38361,0.28149,5,1,0.50540,0.47265,1,0.36042,0.24815,0,,0.49922,0.43210,1,0.51158,0.51320,1,0.36067,0.53939,15.55881,0.98668,1,0.74352,0.55053,16.95422,0.98668,1,0,0.00000,12,3.59718,1,3.88480,1,0.00000,0,0.00000,0,0.00000,0,1,1,0,0.00000,0,,0.00000,0.00000,
1,NewMedia0,103,1.68164,55435481560,0.50022,0.47720,1.38361,0.29803,5,1,0.50758,0.48785,1,0.36042,0.24815,0,,0.49354,0.45167,1,0.52163,0.52404,1,0.36065,0.53940,15.60424,0.98668,1,0.74347,0.55037,17.10243,0.98668,1,0,0.00000,12,3.59407,1,3.86088,1,0.00000,0,0.00000,0,0.00000,0,1,1,0,0.00000,0,,0.00000,0.00000,
1,NewMedia0,104,1.70941,55435759047,0.50060,0.47817,1.38361,0.32581,5,1,0.50821,0.49753,1,0.36042,0.24815,0,,0.49503,0.46229,1,0.52140,0.53277,1,0.36071,0.53992,15.55761,0.97887,1,0.74352,0.55029,17.30304,0.97887,1,0,0.00000,12,3.74209,1,3.83488,1,0.00000,0,0.00000,0,0.00000,0,1,1,0,0.00000,0,,0.00000,0.00000,
1,NewMedia0,105,1.71692,55435834058,0.50107,0.47769,1.38361,0.33331,5,1,0.51079,0.46751,1,0.36042,0.24815,0,,0.50344,0.47734,1,0.51813,0.45767,1,0.36090,0.53926,15.57019,0.97106,1,0.74350,0.55062,17.02262,0.97106,1,0,0.00000,12,3.60670,1,3.82992,1,0.00000,0,0.00000,0,0.00000,0,1,1,0,0.00000,0,,0.00000,0.00000,
1,NewMedia0,106,1.73090,55435974078,0.50135,0.47723,1.38361,0.34729,5,1,0.50763,0.46720,1,0.36042,0.24815,0,,0.51058,0.44138,1,0.50467,0.49302,1,0.36116,0.53908,15.55872,0.96324,1,0.74344,0.55070,17.24037,0.96324,1,0,0.00000,12,3.54993,1,3.83242,1,0.00000,0,0.00000,0,0.00000,0,1,1,0,0.00000,0,,0.00000,0.00000,
1,NewMedia0,107,1.74713,55436136129,0.50164,0.47702,1.38361,0.36353,5,1,0.50833,0.47218,1,0.36042,0.24815,0,,0.51199,0.45238,1,0.50468,0.49199,1,0.36155,0.54010,14.97619,0.95543,1,0.74342,0.55022,17.06356,0.96412,1,0,0.00000,12,3.41965,1,3.87726,1,0.00000,0,0.00000,0,0.00000,0,1,1,0,0.00000,0,,87.50424,261.11398,
1,NewMedia0,108,1.76361,55436300888,0.50987,0.53436,1.38361,0.36353,5,0,0.54379,1.14175,1,0.36042,0.24815,0,,0.51199,0.45238,0,0.54379,1.14175,1,0.36155,0.54010,14.97619,0.96412,0,0.74295,0.55633,10.43435,0.97281,1,0,0.00000,12,3.41965,0,2.92275,1,0.00000,0,0.00000,0,0.00000,0,1,1,0,0.00000,0,,0.00000,0.00000,
1,NewMedia0,109,1.77985,55436463179,0.49668,0.90485,1.38361,0.36353,5,0,0.48349,1.27533,1,0.36042,0.24815,0,,0.51199,0.45238,0,0.48349,1.27533,1,0.36155,0.54010,14.97619,0.97281,0,0.74332,0.55873,8.91608,0.98150,1,0,0.00000,12,3.41965,0,2.50441,1,0.00000,0,0.00000,0,0.00000,0,1,1,0,0.00000,0,,0.00000,0.00000,
1,NewMedia0,110,1.79645,55436629529,0.49228,1.02834,1.38361,0.36353,5,0,0.48349,1.27533,1,0.36042,0.24815,0,,0.51199,0.45238,0,0.48349,1.27533,1,0.36155,0.54010,14.97619,0.98150,0,0.74482,0.55963,8.29712,0.98150,1,0,0.00000,12,3.41965,0,2.08480,1,0.00000,0,0.00000,0,0.00000,0,1,1,0,0.00000,0,,0.00000,0.00000,
1,NewMedia0,111,1.82806,55436945382,0.50888,1.09357,1.38361,0.36353,5,0,0.55966,0.73003,1,0.36042,0.24815,0,,0.51199,0.45238,0,0.55966,0.73003,1,0.36155,0.54010,14.97619,0.98150,0,0.74515,0.55381,12.18433,0.97281,1,0,0.00000,12,3.41965,0,3.69813,1,0.00000,0,0.00000,0,0.00000,0,1,1,0,0.00000,0,,0.00000,0.00000,
1,NewMedia0,112,1.82977,55436962610,0.50888,1.09357,1.38361,0.36353,5,0,0.55966,0.73003,0,0.36042,0.24815,0,,0.51199,0.45238,0,0.55966,0.73003,0,0.36155,0.54010,14.97619,0.97281,0,0.74515,0.55381,12.18433,0.96412,0,0,0.00000,12,3.41965,0,3.69813,0,0.00000,0,0.00000,0,0.00000,0,1,1,0,0.00000,0,,0.00000,0.00000,
1,NewMedia0,113,1.84583,55437122917,0.50888,1.09357,1.38361,0.36353,5,0,0.55966,0.73003,0,0.36042,0.24815,0,,0.51199,0.45238,0,0.55966,0.73003,0,0.36155,0.54010,14.97619,0.96412,0,0.74515,0.55381,12.18433,0.95543,0,0,0.00000,12,3.41965,0,3.69813,0,0.00000,0,0.00000,0,0.00000,0,1,1,0,0.00000,0,,0.00000,0.00000,
1,NewMedia0,114,1.86267,55437291641,0.00000,0.00000,1.38361,0.36353,5,0,0.55966,0.73003,0,0.36042,0.24815,0,,0.51199,0.45238,0,0.55966,0.73003,0,0.36155,0.54010,14.97619,0.95543,0,0.74515,0.55381,12.18433,0.95543,0,0,0.00000,12,3.41965,0,3.69813,0,0.00000,0,0.00000,0,0.00000,0,1,1,0,0.00000,0,,0.00000,0.00000,
1,NewMedia0,115,1.87903,55437455342,0.00000,0.00000,1.38361,0.36353,5,0,0.55966,0.73003,0,0.36042,0.24815,0,,0.51199,0.45238,0,0.55966,0.73003,0,0.36155,0.54010,14.97619,0.95543,0,0.74515,0.55381,12.18433,0.95543,0,203,0.00000,12,3.41965,0,3.69813,0,0.00000,0,0.00000,0,0.00000,0,1,1,0,0.00000,0,,0.00000,0.00000,
1,NewMedia0,116,1.89587,55437623401,0.00000,0.00000,1.38361,0.36353,5,0,0.55966,0.73003,0,0.36042,0.24815,0,,0.51199,0.45238,0,0.55966,0.73003,0,0.36155,0.54010,14.97619,0.95543,0,0.74515,0.55381,12.18433,0.95543,0,203,0.00000,12,3.41965,0,3.69813,0,0.00000,0,0.00000,0,0.00000,0,1,1,0,0.00000,0,,0.00000,0.00000,
1,NewMedia0,117,1.91205,55437785581,0.00000,0.00000,1.38361,0.36353,5,0,0.55966,0.73003,0,0.36042,0.24815,0,,0.51199,0.45238,0,0.55966,0.73003,0,0.36155,0.54010,14.97619,0.95543,0,0.74515,0.55381,12.18433,0.95543,0,203,0.00000,12,3.41965,0,3.69813,0,0.00000,0,0.00000,0,0.00000,0,1,1,0,0.00000,0,,0.00000,0.00000,
1,NewMedia0,118,1.94141,55438079040,0.00000,0.00000,1.38361,0.36353,5,0,0.55966,0.73003,0,0.36042,0.24815,0,,0.51199,0.45238,0,0.55966,0.73003,0,0.36155,0.54010,14.97619,0.95543,0,0.74515,0.55381,12.18433,0.95543,0,203,0.00000,12,3.41965,0,3.69813,0,0.00000,0,0.00000,0,0.00000,0,1,1,0,0.00000,0,,0.00000,0.00000,
1,NewMedia0,119,1.94806,55438145590,0.00000,0.00000,1.38361,0.36353,5,0,0.55966,0.73003,0,0.36042,0.24815,0,,0.51199,0.45238,0,0.55966,0.73003,0,0.36155,0.54010,14.97619,0.95543,0,0.74515,0.55381,12.18433,0.95543,0,203,0.00000,12,3.41965,0,3.69813,0,0.00000,0,0.00000,0,0.00000,0,1,1,0,0.00000,0,,0.00000,0.00000,
1,NewMedia0,120,1.96136,55438278244,0.00000,0.00000,1.38361,0.36353,5,0,0.55966,0.73003,0,0.36042,0.24815,0,,0.51199,0.45238,0,0.55966,0.73003,0,0.36155,0.54010,14.97619,0.95543,0,0.74515,0.55381,12.18433,0.95543,0,203,0.00000,12,3.41965,0,3.69813,0,0.00000,0,0.00000,0,0.00000,0,1,1,0,0.00000,0,,0.00000,0.00000,
1,NewMedia0,121,1.97766,55438441618,0.25872,0.27284,1.38361,0.36353,5,0,0.51743,0.54567,1,0.36042,0.24815,0,,0.51500,0.61463,1,0.51986,0.47671,1,0.36384,0.53828,16.22308,0.95543,1,0.74733,0.55075,17.36631,0.95543,1,0,0.09863,13,3.62728,1,3.90842,1,0.00000,0,0.00000,0,0.00000,0,1,1,0,0.00000,0,,0.00000,0.00000,
1,NewMedia0,122,1.99426,55438607745,0.34495,0.36378,1.38361,0.36353,5,0,0.51743,0.54567,1,0.36042,0.24815,0,,0.51500,0.61463,1,0.51986,0.47671,1,0.36425,0.53828,15.89874,0.95543,1,0.74754,0.55029,17.35071,0.95543,1,0,0.00000,13,3.67763,1,3.83773,1,0.00000,0,0.00000,0,0.00000,0,1,1,0,0.00000,0,,0.00000,0.00000,
1,NewMedia0,123,2.01007,55438765714,0.51818,0.53079,1.38361,0.36353,5,0,0.51968,0.50102,1,0.36042,0.24815,0,,0.53566,0.51464,1,0.50370,0.48740,1,0.36446,0.53824,15.91856,0.95543,1,0.74789,0.55049,17.16729,0.95543,1,0,0.00000,13,3.74601,1,3.88304,1,0.00000,0,0.00000,0,0.00000,0,1,1,0,0.00000,0,,0.00000,0.00000,
1,NewMedia0,124,2.02679,55438932642,0.51445,0.51992,1.38361,0.36353,5,0,0.51071,0.50904,1,0.36042,0.24815,0,,0.50038,0.52316,1,0.52104,0.49493,1,0.36464,0.53830,16.10718,0.95543,1,0.74805,0.55054,17.34724,0.95543,1,0,0.00000,13,3.58230,1,3.91732,1,0.00000,0,0.00000,0,0.00000,0,1,1,0,0.00000,0,,0.00000,0.00000,
1,NewMedia0,125,2.04480,55439113059,0.51316,0.51779,1.38361,0.36353,5,0,0.51060,0.51355,1,0.36042,0.24815,0,,0.50038,0.52316,1,0.52082,0.50393,1,0.36506,0.53826,16.29824,0.95543,1,0.74851,0.55079,17.35569,0.94783,1,0,0.00000,13,3.59455,1,3.93066,1,0.00000,0,0.00000,0,0.00000,0,1,1,0,0.00000,0,,0.00000,0.00000,
1,NewMedia0,126,2.06122,55439276823,0.51156,0.51789,2.01007,0.05115,6,1,0.50676,0.51817,1,0.36042,0.24815,0,,0.50429,0.51601,1,0.50923,0.52033,1,0.36552,0.53850,16.07870,0.94783,1,0.74882,0.55070,17.05850,0.94022,1,0,0.00000,13,3.63162,1,3.97437,1,0.00000,0,0.00000,0,0.00000,0,1,1,0,0.00000,0,,0.00000,0.00000,
1,NewMedia0,127,2.07593,55439423874,0.51254,0.52262,2.01007,0.06586,6,1,0.51644,0.54153,1,0.36042,0.24815,0,,0.49703,0.59022,1,0.53584,0.49284,1,0.36568,0.53792,15.64651,0.94022,1,0.74893,0.55060,17.04003,0.93262,1,0,0.00000,13,3.66920,1,3.98214,1,0.00000,0,0.00000,0,0.00000,0,1,1,0,0.00000,0,,0.00000,0.00000,
1,NewMedia0,128,2.09241,55439588643,0.51321,0.52495,2.01007,0.08234,6,1,0.51659,0.53664,1,0.36042,0.24815,0,,0.49699,0.58995,1,0.53620,0.48332,1,0.36576,0.53853,16.02773,0.94043,1,0.74915,0.55050,17.21854,0.94043,1,0,0.00000,13,3.66716,1,3.88249,1,0.00000,0,0.00000,0,0.00000,0,1,1,0,0.00000,0,,0.00000,0.00000,
1,NewMedia0,129,2.10852,55439749834,0.51149,0.51501,2.01007,0.09845,6,1,0.50112,0.45538,1,0.36042,0.24815,0,,0.51698,0.49564,1,0.48527,0.41512,1,0.36622,0.53850,16.32694,0.94824,1,0.74956,0.55086,17.15938,0.95585,1,0,0.00000,13,3.65446,1,3.92854,1,0.00000,0,0.00000,0,0.00000,0,1,1,0,0.00000,0,,0.00000,0.00000,
1,NewMedia0,130,2.12494,55439914265,0.50901,0.51119,2.01007,0.11487,6,1,0.49170,0.48442,1,0.36042,0.24815,0,,0.49133,0.50905,1,0.49208,0.45979,1,0.36630,0.53869,16.22715,0.96366,1,0.74969,0.55080,17.25655,0.97126,1,0,0.00000,13,3.69169,1,3.88764,1,0.00000,0,0.00000,0,0.00000,0,1,1,0,0.00000,0,,0.00000,0.00000,
1,NewMedia0,131,2.15778,55440242591,0.50692,0.50605,2.01007,0.14771,6,1,0.49019,0.46494,1,0.36042,0.24815,0,,0.48831,0.48852,1,0.49207,0.44135,1,0.36653,0.53840,15.94445,0.97908,1,0.75006,0.55038,17.26391,0.98668,1,0,0.00000,13,3.68970,1,3.88001,1,0.00000,0,0.00000,0,0.00000,0,1,1,0,0.00000,0,,0.00000,0.00000,
1,NewMedia0,132,2.15924,55440257326,0.50733,0.49971,2.01007,0.14917,6,1,0.51102,0.44268,1,0.36042,0.24815,0,,0.50718,0.49205,1,0.51487,0.39331,1,0.36682,0.53839,15.83588,0.98668,1,0.75021,0.55051,17.34003,0.98668,1,0,0.00000,13,3.68202,1,3.91261,1,0.00000,0,0.00000,0,0.00000,0,1,1,0,0.00000,0,,0.00000,0.00000,
1,NewMedia0,133,2.17419,55440407069,0.50965,0.49244,2.01007,0.16412,6,1,0.53285,0.41975,1,0.36042,0.24815,0,,0.53117,0.48669,1,0.53453,0.35281,1,0.36703,0.53845,16.02682,0.98668,1,0.75047,0.55095,17.25736,0.98668,1,0,0.00000,13,3.65704,1,3.99443,1,0.00000,0,0.00000,0,0.00000,0,1,1,0,0.00000,0,,0.00000,0.00000,
1,NewMedia0,134,2.19080,55440573027,0.51159,0.48639,2.01007,0.18073,6,1,0.53285,0.41975,1,0.36042,0.24815,0,,0.53117,0.48669,1,0.53453,0.35281,1,0.36733,0.53832,16.33309,0.98668,1,0.75060,0.55091,17.09788,0.98668,1,0,0.00000,13,3.70642,1,3.88443,1,0.00000,0,0.00000,0,0.00000,0,1,1,0,0.00000,0,,0.00000,0.00000,
1,NewMedia0,135,2.20697,55440734481,0.51085,0.48651,2.01007,0.19690,6,1,0.50206,0.48803,1,0.36042,0.24815,0,,0.52086,0.53412,1,0.48327,0.44195,1,0.36764,0.53885,16.27507,0.98668,1,0.75111,0.55113,17.03979,0.98668,1,0,0.00000,13,3.63516,1,3.88305,1,0.00000,0,0.00000,0,0.00000,0,1,1,0,0.00000,0,,0.00000,0.00000,
1,NewMedia0,136,2.22357,55440900460,0.50910,0.48393,2.01007,0.21350,6,1,0.48629,0.45034,1,0.36042,0.24815,0,,0.47428,0.43860,1,0.49830,0.46208,1,0.36766,0.53880,16.19943,0.98668,1,0.75122,0.55163,17.40565,0.98668,1,0,0.00000,13,3.63012,1,3.92039,1,0.00000,0,0.00000,0,0.00000,0,1,1,0,0.00000,0,,0.00000,0.00000,
1,NewMedia0,137,2.24023,55441067286,0.50758,0.48169,2.01007,0.23016,6,1,0.48629,0.45034,1,0.36042,0.24815,0,,0.47428,0.43860,1,0.49830,0.46208,1,0.36801,0.53923,16.00227,0.98668,1,0.75127,0.55190,17.54993,0.98668,1,0,0.00000,13,3.64490,1,3.93482,1,0.00000,0,0.00000,0,0.00000,0,1,1,0,0.00000,0,,0.00000,0.00000,
1,NewMedia0,138,2.27136,55441378598,0.50797,0.48194,2.01007,0.26129,6,1,0.51380,0.48576,1,0.36042,0.24815,0,,0.50744,0.48014,1,0.52016,0.49138,1,0.36819,0.53923,16.05175,0.98668,1,0.75151,0.55181,17.49824,0.98668,1,0,0.00000,13,3.61405,1,3.99284,1,0.00000,0,0.00000,0,0.00000,0,1,1,0,0.00000,0,,0.00000,0.00000,
1,NewMedia0,139,2.27527,55441417481,0.50833,0.48083,2.01007,0.26520,6,1,0.51413,0.46292,1,0.36042,0.24815,0,,0.50303,0.41585,1,0.52522,0.51000,1,0.36829,0.53940,16.09448,0.98668,1,0.75146,0.55179,17.70231,0.98668,1,0,0.00000,13,3.63064,1,3.94361,1,0.00000,0,0.00000,0,0.00000,0,1,1,0,0.00000,0,,0.00000,0.00000,
1,NewMedia0,140,2.28931,55441557973,0.50868,0.48038,2.01007,0.27924,6,1,0.51471,0.47281,1,0.36042,0.24815,0,,0.50445,0.42678,1,0.52497,0.51884,1,0.36830,0.54029,16.20465,0.97887,1,0.75168,0.55216,17.49318,0.97887,1,0,0.00000,13,3.71835,1,3.92119,1,0.00000,0,0.00000,0,0.00000,0,1,1,0,0.00000,0,,0.00000,0.00000,
1,NewMedia0,141,2.30560,55441720786,0.50853,0.48001,2.01007,0.29553,6,1,0.50585,0.47339,1,0.36042,0.24815,0,,0.50458,0.48785,1,0.50711,0.45894,1,0.36829,0.54077,16.11398,0.97106,1,0.75160,0.55262,17.24246,0.97106,1,0,0.00000,13,3.69980,1,3.96201,1,0.00000,0,0.00000,0,0.00000,0,1,1,0,0.00000,0,,0.00000,0.00000,
1,NewMedia0,142,2.32214,55441886146,0.50751,0.48211,2.01007,0.31207,6,1,0.48796,0.52200,1,0.36042,0.24815,0,,0.50674,0.47182,1,0.46918,0.57218,1,0.36824,0.54068,15.96320,0.96324,1,0.75150,0.55333,17.85362,0.96324,1,0,0.00000,13,3.72169,1,3.97483,1,0.00000,0,0.00000,0,0.00000,0,1,1,0,0.00000,0,,0.00000,0.00000,
1,NewMedia0,143,2.33875,55442052261,0.50657,0.48401,2.01007,0.32867,6,1,0.48796,0.52200,1,0.36042,0.24815,0,,0.50674,0.47182,1,0.46918,0.57218,1,0.36822,0.54080,16.19404,0.96324,1,0.75153,0.55385,17.71190,0.96324,1,0,0.00000,13,3.63387,1,3.96732,1,0.00000,0,0.00000,0,0.00000,0,1,1,0,0.00000,0,,0.00000,0.00000,
1,NewMedia0,144,2.37653,55442430329,0.50716,0.48609,2.01007,0.36646,6,1,0.51940,0.52975,1,0.36042,0.24815,0,,0.54334,0.54379,1,0.49545,0.51571,1,0.36832,0.54077,16.17495,0.97106,1,0.75158,0.55391,17.76591,0.97106,1,0,0.00000,13,3.62258,1,3.93292,1,0.00000,0,0.00000,0,0.00000,0,1,1,0,0.00000,0,,0.00000,0.00000,
1,NewMedia0,145,2.37860,55442450963,0.50704,0.48744,2.01007,0.36853,6,1,0.50448,0.51711,1,0.36042,0.24815,0,,0.50452,0.52742,1,0.50444,0.50679,1,0.36863,0.54069,16.41974,0.97887,1,0.75168,0.55360,17.78185,0.97887,1,0,0.00000,13,3.61858,1,3.95042,1,0.00000,0,0.00000,0,0.00000,0,1,1,0,0.00000,0,,0.00000,0.00000,
1,NewMedia0,146,2.39050,55442570148,0.50691,0.48828,2.01007,0.38043,6,1,0.50382,0.50759,1,0.36042,0.24815,0,,0.50310,0.51730,1,0.50453,0.49788,1,0.36886,0.54025,16.43069,0.98668,1,0.75212,0.55338,17.65902,0.98668,1,0,0.00000,13,3.70445,1,3.97639,1,0.00000,0,0.00000,0,0.00000,0,1,1,0,0.00000,0,,0.00000,0.00000,
1,NewMedia0,147,2.40430,55442707733,0.50714,0.48983,2.01007,0.39423,6,1,0.51286,0.52717,1,0.36042,0.24815,0,,0.49456,0.56322,1,0.53116,0.49111,1,0.36897,0.54020,16.46586,0.98668,1,0.75238,0.55298,17.11419,0.98668,1,0,0.00000,13,3.62905,1,3.99795,1,0.00000,0,0.00000,0,0.00000,0,1,1,0,0.00000,0,,0.00000,0.00000,
1,NewMedia0,148,2.42096,55442874281,0.50657,0.49031,2.01007,0.41089,6,1,0.49232,0.50231,1,0.36042,0.24815,0,,0.49375,0.51848,1,0.49089,0.48615,1,0.36911,0.54029,16.37779,0.98668,1,0.75249,0.55282,17.30466,0.98668,1,0,0.00000,13,3.62480,1,4.03327,1,0.00000,0,0.00000,0,0.00000,0,1,1,0,0.00000,0,,0.00000,0.00000,
1,NewMedia0,149,2.43707,55443035619,0.50605,0.49076,2.01007,0.42700,6,1,0.49232,0.50231,1,0.36042,0.24815,0,,0.49375,0.51848,1,0.49089,0.48615,1,0.36910,0.54007,16.24300,0.98668,1,0.75267,0.55292,17.43167,0.98668,1,0,0.00000,13,3.68737,1,4.00717,1,0.00000,0,0.00000,0,0.00000,0,1,1,0,0.00000,0,,0.00000,0.00000,
1,NewMedia0,150,2.45361,55443200995,0.50614,0.49322,2.01007,0.44354,6,1,0.50862,0.55956,1,0.36042,0.24815,0,,0.50594,0.53878,1,0.51131,0.58035,1,0.36938,0.53964,16.01957,0.98668,1,0.75275,0.55301,17.45843,0.98668,1,0,0.00000,13,3.67327,1,4.07759,1,0.00000,0,0.00000,0,0.00000,0,1,1,0,0.00000,0,,0.00000,0.00000,
1,NewMedia0,151,2.47430,55443407629,0.50674,0.49514,2.01007,0.46423,6,1,0.52370,0.54896,1,0.36042,0.24815,0,,0.51965,0.56552,1,0.52775,0.53241,1,0.36945,0.53962,16.08718,0.98668,1,0.75275,0.55301,17.45843,0.98668,1,0,0.00000,13,3.62047,1,4.07832,1,0.00000,0,0.00000,0,0.00000,0,1,1,0,0.00000,0,,0.00000,0.00000,
1,NewMedia0,152,2.49988,55443663411,0.50731,0.49693,2.01007,0.48981,6,1,0.52370,0.54896,1,0.36042,0.24815,0,,0.51965,0.56552,1,0.52775,0.53241,1,0.36953,0.53955,16.18063,0.98668,1,0.75294,0.55260,17.09033,0.98668,1,0,0.00000,13,3.63254,1,4.04561,1,0.00000,0,0.00000,0,0.00000,0,1,1,0,0.00000,0,,24.10150,296.85187,
1,NewMedia0,153,2.50470,55443712008,0.50744,0.52795,2.01007,0.48981,6,0,0.53211,0.54764,1,0.36042,0.24815,0,,0.52905,0.55941,1,0.53517,0.53586,1,0.36968,0.53946,16.10960,0.98668,1,0.75306,0.55275,17.12734,0.98668,1,0,0.00000,13,3.63786,1,4.04531,1,0.00000,0,0.00000,0,0.00000,0,1,1,0,0.00000,0,,0.00000,0.00000,
1,NewMedia0,154,2.51947,55443859411,0.49665,0.53545,2.01007,0.48981,6,0,0.48585,0.54295,1,0.36042,0.24815,0,,0.48332,0.54002,1,0.48839,0.54588,1,0.36961,0.53951,16.10533,0.98668,1,0.75297,0.55252,17.15711,0.98668,1,0,0.00000,13,3.66409,1,4.09582,1,0.00000,0,0.00000,0,0.00000,0,1,1,0,0.00000,0,,0.00000,0.00000,
1,NewMedia0,155,2.53564,55444021420,0.49331,0.53944,2.01007,0.48981,6,0,0.48663,0.54742,1,0.36042,0.24815,0,,0.48487,0.54992,1,0.48839,0.54493,1,0.36976,0.53942,16.03878,0.97887,1,0.75307,0.55285,17.42839,0.98756,1,0,0.00000,13,3.63630,1,4.06885,1,0.00000,0,0.00000,0,0.00000,0,1,1,0,0.00000,0,,0.00000,0.00000,
1,NewMedia0,156,2.55194,55444184321,0.48960,0.51864,2.50470,0.04724,7,1,0.47848,0.45625,1,0.36042,0.24815,0,,0.47331,0.45926,1,0.48365,0.45323,1,0.36963,0.53936,16.03752,0.97975,1,0.75312,0.55269,17.62392,0.98844,1,0,0.00000,13,3.59932,1,4.04947,1,0.00000,0,0.00000,0,0.00000,0,1,1,0,0.00000,0,,0.00000,0.00000,
1,NewMedia0,157,2.59937,55444658664,0.48719,0.50396,2.50470,0.09467,7,1,0.47753,0.44522,1,0.36042,0.24815,0,,0.47149,0.44747,1,0.48357,0.44297,1,0.36961,0.53923,15.96573,0.98844,1,0.75304,0.55241,17.76521,0.99713,1,0,0.00000,13,3.63281,1,4.07413,1,0.00000,0,0.00000,0,0.00000,0,1,1,0,0.00000,0,,0.00000,0.00000,
1,NewMedia0,158,2.60175,55444682564,0.48651,0.50213,2.50470,0.09705,7,1,0.48313,0.49302,1,0.36042,0.24815,0,,0.49460,0.50248,1,0.47166,0.48355,1,0.36949,0.53924,16.04950,0.99713,1,0.75300,0.55212,17.32224,1.00582,1,0,0.00000,13,3.67509,1,4.09203,1,0.00000,0,0.00000,0,0.00000,0,1,1,0,0.00000,0,,0.00000,0.00000,
1,NewMedia0,159,2.61792,55444843775,0.48659,0.50332,2.50470,0.11322,7,1,0.48705,0.51042,1,0.36042,0.24815,0,,0.50157,0.54751,1,0.47254,0.47332,1,0.36947,0.53915,15.98313,1.01363,1,0.75286,0.55222,17.55861,1.01363,1,0,0.00000,13,3.73263,1,4.09233,1,0.00000,0,0.00000,0,0.00000,0,1,1,0,0.00000,0,,0.00000,0.00000,
1,NewMedia0,160,2.63428,55445007894,0.48655,0.50305,2.50470,0.12958,7,1,0.48628,0.50121,1,0.36042,0.24815,0,,0.50018,0.53790,1,0.47239,0.46451,1,0.36942,0.53921,16.00326,1.02144,1,0.75282,0.55217,17.57399,1.02144,1,0,0.00000,13,3.72618,1,4.10445,1,0.00000,0,0.00000,0,0.00000,0,1,1,0,0.00000,0,,0.00000,0.00000,
1,NewMedia0,161,2.65070,55445171750,0.48824,0.49716,2.50470,0.14600,7,1,0.50174,0.45005,1,0.36042,0.24815,0,,0.48845,0.43418,1,0.51503,0.46592,1,0.36939,0.53919,15.97644,1.02144,1,0.75285,0.55213,17.48497,1.02144,1,0,0.00000,13,3.74395,1,4.10877,1,0.00000,0,0.00000,0,0.00000,0,1,1,0,0.00000,0,,0.00000,0.00000,
1,NewMedia0,162,2.66718,55445336769,0.48948,0.49514,2.50470,0.16248,7,1,0.50070,0.47693,1,0.36042,0.24815,0,,0.48129,0.46313,1,0.52011,0.49073,1,0.36939,0.53919,15.97644,1.02144,1,0.75287,0.55216,17.62649,1.02144,1,0,0.00000,13,3.74374,1,4.10776,1,0.00000,0,0.00000,0,0.00000,0,1,1,0,0.00000,0,,0.00000,0.00000,
1,NewMedia0,163,2.71375,55445802424,0.49056,0.49434,2.50470,0.20905,7,1,0.50135,0.48635,1,0.36042,0.24815,0,,0.48280,0.47328,1,0.51991,0.49941,1,0.36926,0.53899,16.07144,1.01363,1,0.75305,0.55190,17.31877,1.01363,1,0,0.00000,13,3.66143,1,4.13611,1,0.00000,0,0.00000,0,0.00000,0,1,1,0,0.00000,0,,0.00000,0.00000,
1,NewMedia0,164,2.71527,55445817464,0.48997,0.49077,2.50470,0.21057,7,1,0.48349,0.45146,1,0.36042,0.24815,0,,0.47482,0.42372,1,0.49215,0.47920,1,0.36933,0.53908,16.07595,1.00582,1,0.75293,0.55188,17.22920,1.00582,1,0,0.00000,13,3.68703,1,4.09939,1,0.00000,0,0.00000,0,0.00000,0,1,1,0,0.00000,0,,0.00000,0.00000,
1,NewMedia0,165,2.71960,55445860986,0.48984,0.48980,2.50470,0.21490,7,1,0.48826,0.47822,1,0.36042,0.24815,0,,0.48559,0.48481,1,0.49092,0.47163,1,0.36920,0.53916,16.05001,0.99801,1,0.75287,0.55211,17.51499,0.99801,1,0,0.00000,13,3.67889,1,4.08161,1,0.00000,0,0.00000,0,0.00000,0,1,1,0,0.00000,0,,0.00000,0.00000,
1,NewMedia0,166,2.73285,55445993091,0.48978,0.49002,2.50470,0.22815,7,1,0.48903,0.49283,1,0.36042,0.24815,0,,0.48711,0.49503,1,0.49095,0.49063,1,0.36895,0.53894,16.12812,0.99019,1,0.75262,0.55198,17.68782,0.98150,1,0,0.00000,13,3.80101,1,3.98446,1,0.00000,0,0.00000,0,0.00000,0,1,1,0,0.00000,0,,0.00000,0.00000,
1,NewMedia0,167,2.74933,55446158394,0.49069,0.49061,2.50470,0.24463,7,1,0.50336,0.49888,1,0.36042,0.24815,0,,0.53176,0.48300,1,0.47497,0.51477,1,0.36890,0.53921,16.49720,0.98150,1,0.75244,0.55197,17.66922,0.97281,1,0,0.00000,13,3.69288,1,4.08097,1,0.00000,0,0.00000,0,0.00000,0,1,1,0,0.00000,0,,0.00000,0.00000,
1,NewMedia0,168,2.76563,55446321317,0.49232,0.49230,2.50470,0.26093,7,1,0.51682,0.51764,1,0.36042,0.24815,0,,0.53006,0.49808,1,0.50359,0.53720,1,0.36874,0.53900,16.54774,0.97281,1,0.75222,0.55200,17.69311,0.96412,1,0,0.00000,13,3.68719,1,4.06718,1,0.00000,0,0.00000,0,0.00000,0,1,1,0,0.00000,0,,0.00000,0.00000,
1,NewMedia0,169,2.78204,55446485579,0.49376,0.49411,2.50470,0.27734,7,1,0.51685,0.52300,1,0.36042,0.24815,0,,0.53020,0.49926,1,0.50349,0.54674,1,0.36837,0.53891,16.33439,0.97193,1,0.75205,0.55189,17.55628,0.95564,1,0,0.00000,13,3.63644,1,4.05606,1,0.00000,0,0.00000,0,0.00000,0,1,1,0,0.00000,0,,0.00000,0.00000,
1,NewMedia0,170,2.80640,55446728779,0.49560,0.49449,2.50470,0.30170,7,1,0.52678,0.50107,1,0.36042,0.24815,0,,0.51074,0.49012,1,0.54282,0.51203,1,0.36833,0.53890,16.29982,0.96345,1,0.75189,0.55168,17.36245,0.95585,1,0,0.00000,13,3.64040,1,4.03623,1,0.00000,0,0.00000,0,0.00000,0,1,1,0,0.00000,0,,0.00000,0.00000,
1,NewMedia0,171,2.82483,55446912841,0.49626,0.49477,2.50470,0.32013,7,1,0.50813,0.49969,1,0.36042,0.24815,0,,0.49857,0.48722,1,0.51770,0.51216,1,0.36823,0.53889,16.58364,0.96366,1,0.75173,0.55111,16.86502,0.95606,1,0,0.00000,13,3.63271,1,4.06633,1,0.00000,0,0.00000,0,0.00000,0,1,1,0,0.00000,0,,0.00000,0.00000,
1,NewMedia0,172,2.83154,55446980365,0.49689,0.49527,2.50470,0.32684,7,1,0.50885,0.50485,1,0.36042,0.24815,0,,0.50001,0.49753,1,0.51770,0.51216,1,0.36799,0.53911,16.23188,0.95606,1,0.75169,0.55114,16.75862,0.95606,1,0,0.00000,13,3.63381,1,4.07089,1,0.00000,0,0.00000,0,0.00000,0,1,1,0,0.00000,0,,0.00000,0.00000,
1,NewMedia0,173,2.84790,55447143767,0.49711,0.49535,2.50470,0.34320,7,1,0.50151,0.49697,1,0.36042,0.24815,0,,0.49812,0.50893,1,0.50489,0.48501,1,0.36791,0.53923,16.17614,0.94824,1,0.75145,0.55096,16.83004,0.95585,1,0,0.00000,13,3.64268,1,4.03795,1,0.00000,0,0.00000,0,0.00000,0,1,1,0,0.00000,0,,0.00000,0.00000,
1,NewMedia0,174,2.86426,55447307581,0.49660,0.49472,2.50470,0.35956,7,1,0.48582,0.48148,1,0.36042,0.24815,0,,0.48502,0.49670,1,0.48663,0.46626,1,0.36792,0.53918,16.24862,0.94804,1,0.75150,0.55095,16.88282,0.95564,1,0,0.00000,13,3.66239,1,4.04512,1,0.00000,0,0.00000,0,0.00000,0,1,1,0,0.00000,0,,0.00000,0.00000,
1,NewMedia0,175,2.88074,55447472336,0.49609,0.49372,2.50470,0.37604,7,1,0.48502,0.47170,1,0.36042,0.24815,0,,0.48346,0.48632,1,0.48658,0.45708,1,0.36791,0.53875,16.20997,0.95564,1,0.75137,0.55110,17.03902,0.96324,1,0,0.00000,13,3.62788,1,4.02464,1,0.00000,0,0.00000,0,0.00000,0,1,1,0,0.00000,0,,0.00000,0.00000,
1,NewMedia0,176,2.89722,55447636790,0.49699,0.49459,2.50470,0.39252,7,1,0.51759,0.51453,1,0.36042,0.24815,0,,0.53979,0.56592,1,0.49539,0.46313,1,0.36788,0.53897,16.41386,0.97106,1,0.75140,0.55118,16.99136,0.97106,1,0,0.00000,13,3.62551,1,4.01940,1,0.00000,0,0.00000,0,0.00000,0,1,1,0,0.00000,0,,0.00000,0.00000,
1,NewMedia0,177,2.94067,55448071641,0.49800,0.49518,2.50470,0.43597,7,1,0.52231,0.50944,1,0.36042,0.24815,0,,0.54046,0.55985,1,0.50415,0.45904,1,0.36783,0.53916,16.14478,0.97887,1,0.75137,0.55110,17.03902,0.97887,1,0,0.00000,13,3.64883,1,4.02382,1,0.00000,0,0.00000,0,0.00000,0,1,1,0,0.00000,0,,0.00000,0.00000,
1,NewMedia0,179,2.94696,55448134379,0.49969,0.49628,2.50470,0.44226,7,1,0.51975,0.52011,1,0.36042,0.24815,0,,0.53957,0.57812,1,0.49993,0.46211,1,0.36799,0.53912,15.87552,0.98668,1,0.75157,0.55121,16.77102,0.98668,1,0,0.00000,13,3.68007,1,4.01433,1,0.00000,0,0.00000,0,0.00000,0,1,1,0,0.00000,0,,0.00000,0.00000,
1,NewMedia0,180,2.96283,55448293119,0.50054,0.49791,2.50470,0.45813,7,1,0.52350,0.54190,1,0.36042,0.24815,0,,0.53338,0.59530,1,0.51362,0.48849,1,0.36791,0.53923,16.17614,0.98668,1,0.75156,0.55161,17.24917,0.98668,1,0,0.00000,13,3.64158,1,4.00419,1,0.00000,0,0.00000,0,0.00000,0,1,1,0,0.00000,0,,0.00000,0.00000,
1,NewMedia0,181,2.97937,55448458547,0.50135,0.49974,2.50470,0.47467,7,1,0.52402,0.55117,1,0.36042,0.24815,0,,0.53458,0.60485,1,0.51346,0.49749,1,0.36794,0.53920,15.89700,0.97887,1,0.75143,0.55170,17.20235,0.97887,1,0,0.00000,13,3.67260,1,3.99652,1,0.00000,0,0.00000,0,0.00000,0,1,1,0,0.00000,0,,0.00000,0.00000,
1,NewMedia0,182,2.99561,55448620736,0.50187,0.49928,2.50470,0.49091,7,1,0.51701,0.48577,1,0.36042,0.24815,0,,0.51927,0.45458,1,0.51474,0.51695,1,0.36798,0.53923,15.92455,0.97106,1,0.75136,0.55196,17.47253,0.97106,1,0,0.00000,13,3.65434,1,3.97516,1,0.00000,0,0.00000,0,0.00000,0,1,1,0,0.00000,0,,0.00000,0.00000,
1,NewMedia0,183,3.01233,55448787879,0.50219,0.49988,2.50470,0.50763,7,1,0.51175,0.51799,1,0.36042,0.24815,0,,0.52443,0.48735,1,0.49908,0.54864,1,0.36798,0.53913,15.74795,0.96324,1,0.75129,0.55221,17.56254,0.96324,1,0,0.00000,13,3.67888,1,4.00412,1,0.00000,0,0.00000,0,0.00000,0,1,1,0,0.00000,0,,0.00000,0.00000,
1,NewMedia0,184,3.05194,55449184095,0.50251,0.50075,2.50470,0.54724,7,1,0.51238,0.52767,1,0.36042,0.24815,0,,0.52573,0.49800,1,0.49903,0.55734,1,0.36779,0.53967,15.78119,0.95543,1,0.75141,0.55236,17.36629,0.95543,1,0,0.00000,13,3.62906,1,3.99678,1,0.00000,0,0.00000,0,0.00000,0,1,1,0,0.00000,0,,0.00000,0.00000,
1,NewMedia0,185,3.05420,55449206714,0.50275,0.50199,2.50470,0.54950,7,1,0.51043,0.54182,1,0.36042,0.24815,0,,0.52231,0.49747,1,0.49854,0.58618,1,0.36774,0.53988,15.73675,0.95543,1,0.75135,0.55225,17.36678,0.95543,1,0,0.00000,13,3.60906,1,4.03265,1,0.00000,0,0.00000,0,0.00000,0,1,1,0,0.00000,0,,0.00000,0.00000,
1,NewMedia0,186,3.06287,55449293606,0.50305,0.50288,2.50470,0.55817,7,1,0.51303,0.53230,1,0.36042,0.24815,0,,0.52423,0.49766,1,0.50182,0.56694,1,0.36784,0.53973,15.63655,0.95543,1,0.75137,0.55229,17.42080,0.95543,1,0,0.00000,13,3.58679,1,4.03765,1,0.00000,0,0.00000,0,0.00000,0,1,1,0,0.00000,0,,0.00000,0.00000,
1,NewMedia0,187,3.07788,55449443842,0.50332,0.50345,2.50470,0.57318,7,1,0.51241,0.52266,1,0.36042,0.24815,0,,0.52292,0.48701,1,0.50190,0.55831,1,0.36778,0.53991,15.75442,0.96324,1,0.75140,0.55247,17.23548,0.96324,1,0,0.00000,13,3.59033,1,3.97045,1,0.00000,0,0.00000,0,0.00000,0,1,1,0,0.00000,0,,0.00000,0.00000,
1,NewMedia0,188,3.09418,55449606806,0.50336,0.50339,2.50470,0.58948,7,1,0.50480,0.50145,1,0.36042,0.24815,0,,0.50763,0.45321,1,0.50197,0.54968,1,0.36778,0.53991,15.75442,0.97106,1,0.75128,0.55220,17.42591,0.97106,1,0,0.00000,13,3.59150,1,3.99618,1,0.00000,0,0.00000,0,0.00000,0,1,1,0,0.00000,0,,0.00000,0.00000,
1,NewMedia0,189,3.11060,55449771094,0.50363,0.50306,2.50470,0.60590,7,1,0.51345,0.49086,1,0.36042,0.24815,0,,0.51872,0.45116,1,0.50817,0.53057,1,0.36777,0.53993,15.89861,0.97887,1,0.75128,0.55220,17.42591,0.97887,1,0,0.00000,13,3.60620,1,3.99612,1,0.00000,0,0.00000,0,0.00000,0,1,1,0,0.00000,0,,0.00000,0.00000,
1,NewMedia0,190,3.13116,55449976598,0.50389,0.50273,2.50470,0.62646,7,1,0.51345,0.49086,1,0.36042,0.24815,0,,0.51872,0.45116,1,0.50817,0.53057,1,0.36788,0.53952,16.05499,0.97887,1,0.75144,0.55211,17.44510,0.97887,1,0,0.00000,13,3.63347,1,3.93891,1,0.00000,0,0.00000,0,0.00000,0,1,1,0,0.00000,0,,0.00000,0.00000,
1,NewMedia0,191,3.14941,55450159196,0.50420,0.50340,2.50470,0.64471,7,1,0.51617,0.52881,1,0.36042,0.24815,0,,0.52663,0.53559,1,0.50572,0.52202,1,0.36787,0.53909,15.53815,0.97106,1,0.75156,0.55167,17.06471,0.97106,1,0,0.00000,13,3.61634,1,3.96964,1,0.00000,0,0.00000,0,0.00000,0,1,1,0,0.00000,0,,0.00000,0.00000,
1,NewMedia0,192,3.16095,55450274300,0.50442,0.50408,2.50470,0.65625,7,1,0.51297,0.53062,1,0.36042,0.24815,0,,0.52790,0.54576,1,0.49804,0.51547,1,0.36790,0.53917,15.76810,0.96324,1,0.75149,0.55174,17.19152,0.96324,1,0,0.00000,13,3.61969,1,3.96413,1,0.00000,0,0.00000,0,0.00000,0,1,1,0,0.00000,0,,0.00000,0.00000,
1,NewMedia0,193,3.17664,55450431268,0.50466,0.50517,2.50470,0.67194,7,1,0.51413,0.54864,1,0.36042,0.24815,0,,0.53030,0.56492,1,0.49796,0.53236,1,0.36775,0.53899,16.26801,0.94854,1,0.75141,0.55143,16.81263,0.94854,1,0,0.00000,13,3.56214,1,4.01060,1,0.00000,0,0.00000,0,0.00000,0,1,1,0,0.00000,0,,0.00000,0.00000,
1,NewMedia0,194,3.19275,55450592568,0.50487,0.50592,2.50470,0.68805,7,1,0.51339,0.53651,1,0.36042,0.24815,0,,0.52715,0.53895,1,0.49962,0.53407,1,0.36785,0.53878,15.92562,0.94164,1,0.75152,0.55120,16.74738,0.94164,1,0,0.00000,13,3.58854,1,4.00364,1,0.00000,0,0.00000,0,0.00000,0,1,1,0,0.00000,0,,0.00000,0.00000,
1,NewMedia0,195,3.20935,55450758072,0.50497,0.50629,2.50470,0.70465,7,1,0.50945,0.52215,1,0.36042,0.24815,0,,0.52655,0.54293,1,0.49234,0.50137,1,0.36781,0.53881,15.96663,0.93475,1,0.75143,0.55132,16.96022,0.93475,1,0,0.00000,13,3.58967,1,4.00042,1,0.00000,0,0.00000,0,0.00000,0,1,1,0,0.00000,0,,0.00000,0.00000,
1,NewMedia0,196,3.22632,55450928303,0.50509,0.50685,2.50470,0.72162,7,1,0.51003,0.53091,1,0.36042,0.24815,0,,0.52772,0.55220,1,0.49234,0.50962,1,0.36770,0.53867,16.03072,0.92786,1,0.75136,0.55129,17.01332,0.92786,1,0,0.00000,13,3.54977,1,3.96412,1,0.00000,0,0.00000,0,0.00000,0,1,1,0,0.00000,0,,0.00000,0.00000,
1,NewMedia0,197,3.27197,55451384797,0.50546,0.50753,2.50470,0.76727,7,1,0.52195,0.53711,1,0.36042,0.24815,0,,0.55901,0.56370,1,0.48489,0.51053,1,0.36769,0.53902,16.10275,0.92786,1,0.75139,0.55111,16.96985,0.92786,1,0,0.00000,13,3.59614,1,3.96022,1,0.00000,0,0.00000,0,0.00000,0,1,1,0,0.00000,0,,0.00000,0.00000,
1,NewMedia0,198,3.27325,55451397297,0.50589,0.50825,2.50470,0.76855,7,1,0.52522,0.54096,1,0.36042,0.24815,0,,0.55901,0.56370,1,0.49143,0.51822,1,0.36769,0.53902,16.10275,0.92786,1,0.75131,0.55119,17.07223,0.92786,1,0,0.00000,13,3.59691,1,3.97113,1,0.00000,0,0.00000,0,0.00000,0,1,1,0,0.00000,0,,0.00000,0.00000,
1,NewMedia0,199,3.27808,55451445855,0.50629,0.50876,2.50470,0.77338,7,1,0.52474,0.53224,1,0.36042,0.24815,0,,0.55805,0.55446,1,0.49143,0.51003,1,0.36763,0.53913,16.01186,0.93475,1,0.75127,0.55123,17.08598,0.93475,1,0,0.00000,13,3.61567,1,3.96570,1,0.00000,0,0.00000,0,0.00000,0,1,1,0,0.00000,0,,0.00000,0.00000,
1,NewMedia0,200,3.29138,55451578532,0.50651,0.50931,2.50470,0.78668,7,1,0.51678,0.53505,1,0.36042,0.24815,0,,0.55581,0.55310,1,0.47775,0.51699,1,0.36765,0.53907,16.14227,0.94164,1,0.75120,0.55162,17.67159,0.94164,1,0,0.00000,13,3.60520,1,3.91904,1,0.00000,0,0.00000,0,0.00000,0,1,1,0,0.00000,0,,0.00000,0.00000,
1,NewMedia0,201,3.30786,55451743306,0.50666,0.50930,2.50470,0.80316,7,1,0.51442,0.52726,1,0.36042,0.24815,0,,0.54945,0.55050,1,0.47939,0.50402,1,0.36762,0.53910,16.24333,0.94854,1,0.75124,0.55110,17.13756,0.94854,1,0,0.00000,13,3.59956,1,3.96500,1,0.00000,0,0.00000,0,0.00000,0,1,1,0,0.00000,0,,0.00000,0.00000,
1,NewMedia0,202,3.32446,55451909550,0.50723,0.50859,2.50470,0.81976,7,1,0.51324,0.50890,1,0.36042,0.24815,0,,0.54730,0.53106,1,0.47919,0.48675,1,0.36762,0.53910,16.24333,0.96324,1,0.75121,0.55104,17.08540,0.96324,1,0,0.00000,13,3.59991,1,3.94912,1,0.00000,0,0.00000,0,0.00000,0,1,1,0,0.00000,0,,0.00000,0.00000,
1,NewMedia0,203,3.36041,55452268772,0.50740,0.50675,2.50470,0.85571,7,1,0.49511,0.45946,1,0.36042,0.24815,0,,0.50214,0.47391,1,0.48808,0.44502,1,0.36759,0.53913,16.09795,0.97106,1,0.75133,0.55101,16.98838,0.97106,1,0,0.00000,13,3.60221,1,3.96014,1,0.00000,0,0.00000,0,0.00000,0,1,1,0,0.00000,0,,0.00000,0.00000,
1,NewMedia0,204,3.36267,55452291603,0.50760,0.50634,2.50470,0.85797,7,1,0.48788,0.43649,1,0.36042,0.24815,0,,0.48612,0.43955,1,0.48965,0.43343,1,0.36765,0.53907,16.14227,0.97887,1,0.75133,0.55100,16.93347,0.97887,1,0,0.00000,13,3.60401,1,3.96356,1,0.00000,0,0.00000,0,0.00000,0,1,1,0,0.00000,0,,0.00000,0.00000,
1,NewMedia0,205,3.37885,55452453181,0.50782,0.50616,2.50470,0.87415,7,1,0.48788,0.43649,1,0.36042,0.24815,0,,0.48612,0.43955,1,0.48965,0.43343,1,0.36762,0.53915,16.13524,0.97887,1,0.75139,0.55096,17.00772,0.97887,1,0,0.00000,13,3.60737,1,3.96698,1,0.00000,0,0.00000,0,0.00000,0,1,1,0,0.00000,0,,0.00000,0.00000,
1,NewMedia0,206,3.39252,55452589983,0.50828,0.50554,2.50470,0.88782,7,1,0.50551,0.46325,1,0.36042,0.24815,0,,0.50835,0.43263,1,0.50267,0.49386,1,0.36765,0.53907,16.14227,0.97106,1,0.75142,0.55105,16.97577,0.97106,1,0,0.00000,13,3.60322,1,3.95862,1,0.00000,0,0.00000,0,0.00000,0,1,1,0,0.00000,0,,0.00000,0.00000,
1,NewMedia0,207,3.40668,55452731591,0.50871,0.50515,2.50470,0.90198,7,1,0.50751,0.49164,1,0.36042,0.24815,0,,0.51591,0.50748,1,0.49912,0.47580,1,0.36758,0.53901,16.04203,0.96324,1,0.75139,0.55133,17.31188,0.96324,1,0,0.00000,13,3.59658,1,3.95454,1,0.00000,0,0.00000,0,0.00000,0,1,1,0,0.00000,0,,0.00000,0.00000,
1,NewMedia0,208,3.42279,55452892658,0.50915,0.50495,2.50470,0.91809,7,1,0.50751,0.49164,1,0.36042,0.24815,0,,0.51591,0.50748,1,0.49912,0.47580,1,0.36762,0.53898,16.04248,0.96324,1,0.75145,0.55136,17.27370,0.96324,1,0,0.00000,13,3.60880,1,3.98178,1,0.00000,0,0.00000,0,0.00000,0,1,1,0,0.00000,0,,0.00000,0.00000,
1,NewMedia0,209,3.43933,55453058082,0.50940,0.50556,2.50470,0.93463,7,1,0.51358,0.47919,1,0.36042,0.24815,0,,0.51491,0.46845,1,0.51225,0.48994,1,0.36773,0.53926,16.22532,0.97106,1,0.75145,0.55136,17.27370,0.97106,1,0,0.00000,13,3.62437,1,3.98298,1,0.00000,0,0.00000,0,0.00000,0,1,1,0,0.00000,0,,0.00000,0.00000,
1,NewMedia0,210,3.46423,55453307072,0.50956,0.50563,2.50470,0.95953,7,1,0.50830,0.48042,1,0.36042,0.24815,0,,0.51182,0.49823,1,0.50479,0.46261,1,0.36773,0.53926,16.22532,0.97887,1,0.75147,0.55150,17.32287,0.97887,1,0,0.00000,13,3.62414,1,4.00098,1,0.00000,0,0.00000,0,0.00000,0,1,1,0,0.00000,0,,0.00000,0.00000,
1,NewMedia0,211,3.49933,55453657955,0.50969,0.50530,2.50470,0.99463,7,1,0.50767,0.47060,1,0.36042,0.24815,0,,0.51045,0.48786,1,0.50489,0.45334,1,0.36768,0.53921,16.20972,0.98668,1,0.75148,0.55153,17.35295,0.98668,1,0,0.00000,13,3.60214,1,4.00786,1,0.00000,0,0.00000,0,0.00000,0,1,1,0,0.00000,0,,10.12898,296.81720,
1,NewMedia0,212,3.50140,55453678725,0.50383,0.47463,2.50470,0.99463,7,0,0.49731,0.45024,1,0.36042,0.24815,0,,0.49855,0.44468,1,0.49608,0.45581,1,0.36768,0.53921,16.20972,0.98668,1,0.75139,0.55133,17.31188,0.98668,1,0,0.00000,13,3.60298,1,3.95552,1,0.00000,0,0.00000,0,0.00000,0,1,1,0,0.00000,0,,0.00000,0.00000,
1,NewMedia0,213,3.50555,55453720670,0.50092,0.46108,2.50470,0.99463,7,0,0.49801,0.44752,1,0.36042,0.24815,0,,0.50463,0.48003,1,0.49139,0.41501,1,0.36765,0.53919,16.18835,0.98668,1,0.75142,0.55107,16.97936,0.98668,1,0,0.00000,13,3.60104,1,3.95841,1,0.00000,0,0.00000,0,0.00000,0,1,1,0,0.00000,0,,0.00000,0.00000,
1,NewMedia0,214,3.52142,55453879122,0.50019,0.45989,2.50470,0.99463,7,0,0.49872,0.45751,1,0.36042,0.24815,0,,0.50604,0.49045,1,0.49140,0.42457,1,0.36766,0.53912,16.27959,0.97887,1,0.75130,0.55141,17.53985,0.97887,1,0,0.00000,13,3.60267,1,3.95288,1,0.00000,0,0.00000,0,0.00000,0,1,1,0,0.00000,0,,0.00000,0.00000,
1,NewMedia0,215,3.53772,55454041986,0.49736,0.45923,3.50140,0.03632,8,1,0.48887,0.45726,1,0.36042,0.24815,0,,0.49821,0.47725,1,0.47954,0.43728,1,0.36765,0.53919,16.18835,0.97106,1,0.75133,0.55091,17.02433,0.97106,1,0,0.00000,13,3.60189,1,3.93839,1,0.00000,0,0.00000,0,0.00000,0,1,1,0,0.00000,0,,0.00000,0.00000,
1,NewMedia0,216,3.59052,55454570302,0.49656,0.46646,3.50140,0.08911,8,1,0.49335,0.49536,1,0.36042,0.24815,0,,0.49655,0.47162,1,0.49014,0.51909,1,0.36759,0.53899,16.14794,0.96324,1,0.75129,0.55086,16.99074,0.96324,1,0,0.00000,13,3.66008,1,3.98519,1,0.00000,0,0.00000,0,0.00000,0,1,1,0,0.00000,0,,0.00000,0.00000,
1,NewMedia0,218,3.59479,55454612901,0.49572,0.48231,3.50140,0.09338,8,1,0.49314,0.53438,1,0.36042,0.24815,0,,0.50246,0.50162,1,0.48382,0.56713,1,0.36758,0.53919,16.35205,0.94783,1,0.75126,0.55067,16.87322,0.94022,1,0,0.00000,13,3.59221,1,3.93987,1,0.00000,0,0.00000,0,0.00000,0,1,1,0,0.00000,0,,0.00000,0.00000,
1,NewMedia0,219,3.60413,55454705998,0.49495,0.48292,3.50140,0.10272,8,1,0.48956,0.48715,1,0.36042,0.24815,0,,0.49568,0.49703,1,0.48344,0.47726,1,0.36758,0.53919,16.35205,0.94022,1,0.75133,0.55071,16.84098,0.93262,1,0,0.00000,13,3.59158,1,3.97552,1,0.00000,0,0.00000,0,0.00000,0,1,1,0,0.00000,0,,0.00000,0.00000,
1,NewMedia0,220,3.61993,55454864078,0.49434,0.48284,3.50140,0.11853,8,1,0.48950,0.48222,1,0.36042,0.24815,0,,0.49563,0.49674,1,0.48337,0.46770,1,0.36758,0.53919,16.35205,0.94043,1,0.75129,0.55086,16.99074,0.94043,1,0,0.00000,13,3.59192,1,3.98509,1,0.00000,0,0.00000,0,0.00000,0,1,1,0,0.00000,0,,0.00000,0.00000,
1,NewMedia0,221,3.63641,55455029189,0.49538,0.48459,3.50140,0.13501,8,1,0.50474,0.50034,1,0.36042,0.24815,0,,0.51853,0.52758,1,0.49096,0.47311,1,0.36769,0.53914,16.30110,0.94824,1,0.75130,0.55141,17.53985,0.95585,1,0,0.00000,13,3.60491,1,3.95314,1,0.00000,0,0.00000,0,0.00000,0,1,1,0,0.00000,0,,0.00000,0.00000,
1,NewMedia0,222,3.65277,55455192325,0.49610,0.48511,3.50140,0.15137,8,1,0.50325,0.49036,1,0.36042,0.24815,0,,0.50019,0.48543,1,0.50631,0.49529,1,0.36767,0.53923,16.40057,0.96366,1,0.75131,0.55148,17.55924,0.97126,1,0,0.00000,13,3.59892,1,3.98254,1,0.00000,0,0.00000,0,0.00000,0,1,1,0,0.00000,0,,0.00000,0.00000,
1,NewMedia0,223,3.68048,55455469434,0.49658,0.48393,3.50140,0.17908,8,1,0.50191,0.47093,1,0.36042,0.24815,0,,0.49728,0.46449,1,0.50653,0.47738,1,0.36767,0.53942,16.43470,0.97908,1,0.75143,0.55150,17.41954,0.98668,1,0,0.00000,13,3.64331,1,3.99054,1,0.00000,0,0.00000,0,0.00000,0,1,1,0,0.00000,0,,0.00000,0.00000,
1,NewMedia0,224,3.71387,55455803245,0.49645,0.48705,3.50140,0.21246,8,1,0.49479,0.52452,1,0.36042,0.24815,0,,0.47978,0.55465,1,0.50980,0.49439,1,0.36775,0.53951,16.25905,0.98668,1,0.75156,0.55170,17.23040,0.98668,1,0,0.00000,13,3.66400,1,3.98880,1,0.00000,0,0.00000,0,0.00000,0,1,1,0,0.00000,0,,0.00000,0.00000,
1,NewMedia0,225,3.71613,55455826170,0.49630,0.48745,3.50140,0.21472,8,1,0.49441,0.49260,1,0.36042,0.24815,0,,0.47131,0.50083,1,0.51750,0.48438,1,0.36781,0.54014,16.38040,0.98668,1,0.75157,0.55177,17.43024,0.98668,1,0,0.00000,13,3.65966,1,3.94754,1,0.00000,0,0.00000,0,0.00000,0,1,1,0,0.00000,0,,0.00000,0.00000,
1,NewMedia0,226,3.72095,55455874113,0.49623,0.48810,3.50140,0.21954,8,1,0.49524,0.49719,1,0.36042,0.24815,0,,0.47295,0.51102,1,0.51753,0.48337,1,0.36789,0.54043,16.32682,0.97887,1,0.75153,0.55208,17.44989,0.98756,1,0,0.00000,13,3.66484,1,3.94764,1,0.00000,0,0.00000,0,0.00000,0,1,1,0,0.00000,0,,0.00000,0.00000,
1,NewMedia0,227,3.73492,55456014133,0.49684,0.49080,3.50140,0.23352,8,1,0.50604,0.53125,1,0.36042,0.24815,0,,0.48860,0.54608,1,0.52347,0.51643,1,0.36786,0.54059,16.19816,0.97975,1,0.75158,0.55215,17.40842,0.98844,1,0,0.00000,13,3.68215,1,3.96893,1,0.00000,0,0.00000,0,0.00000,0,1,1,0,0.00000,0,,0.00000,0.00000,
1,NewMedia0,228,3.75140,55456178592,0.49786,0.49353,3.50140,0.25000,8,1,0.51417,0.53726,1,0.36042,0.24815,0,,0.50026,0.55114,1,0.52808,0.52338,1,0.36793,0.54045,16.45099,0.98062,1,0.75157,0.55194,17.48254,0.98932,1,0,0.00000,13,3.67108,1,4.03335,1,0.00000,0,0.00000,0,0.00000,0,1,1,0,0.00000,0,,0.00000,0.00000,
1,NewMedia0,229,3.76770,55456342056,0.49876,0.49590,3.50140,0.26630,8,1,0.51410,0.53621,1,0.36042,0.24815,0,,0.50009,0.55003,1,0.52811,0.52240,1,0.36796,0.54043,16.37322,0.98150,1,0.75169,0.55252,17.48748,0.99019,1,0,0.00000,13,3.68447,1,3.99253,1,0.00000,0,0.00000,0,0.00000,0,1,1,0,0.00000,0,,0.00000,0.00000,
1,NewMedia0,230,3.82269,55456891679,0.50048,0.49887,3.50140,0.32129,8,1,0.53137,0.55228,1,0.36042,0.24815,0,,0.52218,0.56427,1,0.54055,0.54029,1,0.36819,0.54033,16.18336,0.99019,1,0.75173,0.55258,17.27644,0.99019,1,0,0.00000,13,3.68656,1,4.03263,1,0.00000,0,0.00000,0,0.00000,0,1,1,0,0.00000,0,,0.00000,0.00000,
1,NewMedia0,232,3.82678,55456932474,0.50076,0.50454,3.50140,0.32538,8,1,0.50310,0.55624,1,0.36042,0.24815,0,,0.51244,0.55812,1,0.49375,0.55436,1,0.36820,0.54026,15.94917,0.99801,1,0.75192,0.55266,17.20376,0.98932,1,0,0.00000,13,3.69563,1,4.02803,1,0.00000,0,0.00000,0,0.00000,0,1,1,0,0.00000,0,,0.00000,0.00000,
1,NewMedia0,233,3.83386,55457003697,0.50137,0.50296,3.50140,0.33246,8,1,0.51406,0.46975,1,0.36042,0.24815,0,,0.52048,0.47402,1,0.50764,0.46547,1,0.36844,0.53985,15.95351,0.99713,1,0.75209,0.55255,17.44326,0.98844,1,0,0.00000,13,3.79491,1,3.96029,1,0.00000,0,0.00000,0,0.00000,0,1,1,0,0.00000,0,,0.00000,0.00000,
1,NewMedia0,234,3.84991,55457163951,0.50192,0.50150,3.50140,0.34851,8,1,0.51405,0.46944,1,0.36042,0.24815,0,,0.52698,0.45827,1,0.50113,0.48060,1,0.36851,0.54047,16.13194,0.99625,1,0.75227,0.55248,17.55578,0.98756,1,0,0.00000,13,3.62798,1,3.97544,1,0.00000,0,0.00000,0,0.00000,0,1,1,0,0.00000,0,,0.00000,0.00000,
1,NewMedia0,235,3.86639,55457329068,0.50242,0.50040,3.50140,0.36499,8,1,0.51409,0.47493,1,0.36042,0.24815,0,,0.52712,0.45945,1,0.50105,0.49041,1,0.36860,0.54070,16.25443,0.99537,1,0.75242,0.55243,17.36273,0.97908,1,0,0.00000,13,3.71003,1,3.98827,1,0.00000,0,0.00000,0,0.00000,0,1,1,0,0.00000,0,,0.00000,0.00000,
1,NewMedia0,236,3.88275,55457492469,0.50116,0.50330,3.50140,0.38135,8,1,0.47079,0.57310,1,0.36042,0.24815,0,,0.46017,0.57943,1,0.48141,0.56677,1,0.36893,0.54073,16.12814,0.97908,1,0.75247,0.55249,17.37441,0.97147,1,0,0.00000,13,3.70172,1,4.01339,1,0.00000,0,0.00000,0,0.00000,0,1,1,0,0.00000,0,,0.00000,0.00000,
1,NewMedia0,237,3.91223,55457786891,0.50043,0.50650,3.50140,0.41083,8,1,0.48228,0.58630,1,0.36042,0.24815,0,,0.47490,0.58498,1,0.48965,0.58762,1,0.36895,0.54067,16.34330,0.97147,1,0.75253,0.55254,17.34516,0.96387,1,0,0.00000,13,3.69376,1,4.02991,1,0.00000,0,0.00000,0,0.00000,0,1,1,0,0.00000,0,,17.82641,184.16920,
1,NewMedia0,238,3.91718,55457836422,0.50424,0.53687,3.50140,0.41083,8,0,0.48308,0.59508,1,0.36042,0.24815,0,,0.47649,0.59440,1,0.48968,0.59576,1,0.36906,0.54049,16.27312,0.96387,1,0.75261,0.55224,17.32250,0.95626,1,0,0.00000,13,3.71167,1,3.97720,1,0.00000,0,0.00000,0,0.00000,0,1,1,0,0.00000,0,,0.00000,0.00000,
1,NewMedia0,239,3.94360,55458100885,0.50087,0.56099,3.50140,0.41083,8,0,0.49751,0.58511,1,0.36042,0.24815,0,,0.49319,0.58528,1,0.50182,0.58495,1,0.36909,0.54055,16.21069,0.95626,1,0.75289,0.55266,17.24974,0.95626,1,0,0.00000,13,3.71037,1,3.98565,1,0.00000,0,0.00000,0,0.00000,0,1,1,0,0.00000,0,,0.00000,0.00000,
1,NewMedia0,240,3.94867,55458151327,0.49823,0.55414,3.50140,0.41083,8,0,0.49294,0.54044,1,0.36042,0.24815,0,,0.48666,0.59377,1,0.49922,0.48710,1,0.36916,0.54042,16.24991,0.95626,1,0.75289,0.55283,17.44429,0.95626,1,0,0.00000,13,3.69722,1,3.97407,1,0.00000,0,0.00000,0,0.00000,0,1,1,0,0.00000,0,,0.00000,0.00000,
1,NewMedia0,241,3.96497,55458314488,0.49711,0.55068,3.91718,0.04779,9,1,0.49376,0.54029,1,0.36042,0.24815,0,,0.48823,0.60355,1,0.49928,0.47703,1,0.36926,0.54050,16.25096,0.94845,1,0.75282,0.55270,17.39978,0.96475,1,0,0.00000,13,3.67486,1,3.96311,1,0.00000,0,0.00000,0,0.00000,0,1,1,0,0.00000,0,,0.00000,0.00000,
1,NewMedia0,242,3.98132,55458477910,0.49953,0.54135,3.91718,0.06415,9,1,0.50921,0.50406,1,0.36042,0.24815,0,,0.49530,0.52261,1,0.52311,0.48550,1,0.36914,0.54067,16.34027,0.95693,1,0.75290,0.55274,17.32672,0.97323,1,0,0.00000,13,3.67077,1,4.00240,1,0.00000,0,0.00000,0,0.00000,0,1,1,0,0.00000,0,,0.00000,0.00000,
1,NewMedia0,243,4.04150,55459080034,0.50295,0.53716,3.91718,0.12433,9,1,0.52003,0.51617,1,0.36042,0.24815,0,,0.50711,0.54998,1,0.53295,0.48235,1,0.36932,0.54079,16.52697,0.96542,1,0.75298,0.55288,17.35311,0.98171,1,0,0.00000,13,3.67006,1,4.03109,1,0.00000,0,0.00000,0,0.00000,0,1,1,0,0.00000,0,,0.00000,0.00000,
1,NewMedia0,245,4.04474,55459112026,0.50523,0.52678,3.91718,0.12756,9,1,0.50549,0.49011,1,0.36042,0.24815,0,,0.51745,0.47367,1,0.49353,0.50655,1,0.36951,0.54041,16.02432,0.99713,1,0.75296,0.55273,17.33915,0.98844,1,0,0.00000,13,3.70244,1,3.96408,1,0.00000,0,0.00000,0,0.00000,0,1,1,0,0.00000,0,,0.00000,0.00000,
1,NewMedia0,246,4.04755,55459140539,0.50474,0.52054,3.91718,0.13037,9,1,0.50079,0.47064,1,0.36042,0.24815,0,,0.50469,0.49618,1,0.49689,0.44511,1,0.36951,0.54041,16.02432,0.99625,1,0.75302,0.55277,17.37053,0.98756,1,0,0.00000,13,3.70184,1,3.93153,1,0.00000,0,0.00000,0,0.00000,0,1,1,0,0.00000,0,,0.00000,0.00000,
1,NewMedia0,247,4.06366,55459301156,0.50448,0.51750,3.91718,0.14648,9,1,0.50214,0.49010,1,0.36042,0.24815,0,,0.50747,0.51650,1,0.49682,0.46369,1,0.36964,0.54065,15.92766,0.98067,1,0.75310,0.55293,17.20080,0.97198,1,0,0.00000,13,3.63736,1,3.91941,1,0.00000,0,0.00000,0,0.00000,0,1,1,0,0.00000,0,,0.00000,0.00000,
1,NewMedia0,248,4.07977,55459462851,0.50431,0.51933,3.91718,0.16260,9,1,0.50262,0.53766,1,0.36042,0.24815,0,,0.49193,0.54836,1,0.51331,0.52695,1,0.36986,0.54020,15.91006,0.95727,1,0.75330,0.55288,17.20598,0.95727,1,0,0.00000,13,3.75259,1,3.93614,1,0.00000,0,0.00000,0,0.00000,0,1,1,0,0.00000,0,,0.00000,0.00000,
1,NewMedia0,249,4.09637,55459628368,0.50332,0.52222,3.91718,0.17920,9,1,0.49243,0.55403,1,0.36042,0.24815,0,,0.50134,0.54905,1,0.48352,0.55902,1,0.37001,0.54028,16.11988,0.94256,1,0.75357,0.55306,17.22993,0.94256,1,0,0.00000,13,3.68559,1,3.97543,1,0.00000,0,0.00000,0,0.00000,0,1,1,0,0.00000,0,,0.00000,0.00000,
1,NewMedia0,250,4.13361,55460000981,0.50248,0.52467,3.91718,0.21643,9,1,0.49243,0.55403,1,0.36042,0.24815,0,,0.50134,0.54905,1,0.48352,0.55902,1,0.37025,0.54054,16.07866,0.94256,1,0.75366,0.55296,17.25592,0.94256,1,0,0.00000,13,3.69083,1,3.92246,1,0.00000,0,0.00000,0,0.00000,0,1,1,0,0.00000,0,,0.00000,0.00000,
1,NewMedia0,251,4.13507,55460015266,0.50213,0.52746,3.91718,0.21790,9,1,0.49758,0.56373,1,0.36042,0.24815,0,,0.49700,0.59064,1,0.49816,0.53682,1,0.37038,0.54052,16.12296,0.95727,1,0.75394,0.55303,17.10944,0.95727,1,0,0.00000,13,3.67585,1,3.94712,1,0.00000,0,0.00000,0,0.00000,0,1,1,0,0.00000,0,,0.00000,0.00000,
1,NewMedia0,252,4.16174,55460282247,0.50265,0.52722,3.91718,0.24457,9,1,0.50994,0.52379,1,0.36042,0.24815,0,,0.50694,0.54878,1,0.51295,0.49879,1,0.37034,0.54033,16.19835,0.97198,1,0.75407,0.55318,17.18118,0.97198,1,0,0.00000,13,3.61154,1,3.93125,1,0.00000,0,0.00000,0,0.00000,0,1,1,0,0.00000,0,,0.00000,0.00000,
1,NewMedia0,253,4.16687,55460333296,0.50308,0.52648,3.91718,0.24969,9,1,0.50939,0.51537,1,0.36042,0.24815,0,,0.50570,0.53994,1,0.51309,0.49081,1,0.37095,0.54019,16.06073,0.97887,1,0.75443,0.55291,16.96649,0.97887,1,0,0.00000,13,3.65529,1,3.95730,1,0.00000,0,0.00000,0,0.00000,0,1,1,0,0.00000,0,,0.00000,0.00000,
1,NewMedia0,254,4.17847,55460449322,0.50420,0.52687,3.91718,0.26129,9,1,0.52225,0.53317,1,0.36042,0.24815,0,,0.53803,0.53303,1,0.50647,0.53332,1,0.37107,0.54002,16.20773,0.97106,1,0.75447,0.55297,17.22004,0.97106,1,0,0.00000,13,3.61091,1,3.91274,1,0.00000,0,0.00000,0,0.00000,0,1,1,0,0.00000,0,,0.00000,0.00000,
1,NewMedia0,255,4.19501,55460614745,0.50346,0.52810,3.91718,0.27783,9,1,0.49078,0.54901,1,0.36042,0.24815,0,,0.50465,0.56844,1,0.47690,0.52959,1,0.37117,0.54013,16.09385,0.96324,1,0.75471,0.55350,17.60258,0.96324,1,0,0.00000,13,3.63735,1,3.94302,1,0.00000,0,0.00000,0,0.00000,0,1,1,0,0.00000,0,,0.00000,0.00000,
1,NewMedia0,256,4.21179,55460782553,0.50279,0.52920,3.91718,0.29462,9,1,0.49078,0.54901,1,0.36042,0.24815,0,,0.50465,0.56844,1,0.47690,0.52959,1,0.37156,0.54006,16.23819,0.96324,1,0.75510,0.55339,17.36141,0.96324,1,0,0.00000,13,3.65513,1,3.93661,1,0.00000,0,0.00000,0,0.00000,0,1,1,0,0.00000,0,,0.00000,0.00000,
1,NewMedia0,257,4.25629,55461227633,0.50231,0.53028,3.91718,0.33911,9,1,0.49310,0.55071,1,0.36042,0.24815,0,,0.49400,0.57953,1,0.49219,0.52188,1,0.37177,0.54033,16.17244,0.97106,1,0.75520,0.55371,17.50204,0.97106,1,0,0.00000,13,3.63131,1,3.95042,1,0.00000,0,0.00000,0,0.00000,0,1,1,0,0.00000,0,,0.00000,0.00000,
1,NewMedia0,258,4.25818,55461246697,0.50214,0.52908,3.91718,0.34100,9,1,0.49891,0.50525,1,0.36042,0.24815,0,,0.49237,0.55067,1,0.50544,0.45983,1,0.37186,0.54039,16.32430,0.97887,1,0.75527,0.55370,17.65005,0.97887,1,0,0.00000,13,3.65491,1,3.94392,1,0.00000,0,0.00000,0,0.00000,0,1,1,0,0.00000,0,,0.00000,0.00000,
1,NewMedia0,259,4.26672,55461332076,0.50200,0.52800,3.91718,0.34955,9,1,0.49891,0.50525,1,0.36042,0.24815,0,,0.49237,0.55067,1,0.50544,0.45983,1,0.37195,0.54053,16.34400,0.97887,1,0.75543,0.55347,17.35480,0.97887,1,0,0.00000,13,3.67996,1,3.91596,1,0.00000,0,0.00000,0,0.00000,0,1,1,0,0.00000,0,,0.00000,0.00000,
1,NewMedia0,260,4.27850,55461449678,0.50267,0.52663,3.91718,0.36133,9,1,0.51752,0.49649,1,0.36042,0.24815,0,,0.50949,0.51784,1,0.52555,0.47513,1,0.37219,0.54063,16.08929,0.97106,1,0.75564,0.55337,17.16095,0.97106,1,0,0.00000,13,3.67257,1,3.90166,1,0.00000,0,0.00000,0,0.00000,0,1,1,0,0.00000,0,,0.00000,0.00000,
1,NewMedia0,261,4.29376,55461602670,0.50254,0.52687,3.91718,0.37659,9,1,0.49943,0.53247,1,0.36042,0.24815,0,,0.52013,0.56211,1,0.47874,0.50283,1,0.37199,0.54057,16.15458,0.96324,1,0.75572,0.55354,17.09743,0.96324,1,0,0.00000,13,3.65167,1,3.95239,1,0.00000,0,0.00000,0,0.00000,0,1,1,0,0.00000,0,,0.00000,0.00000,
1,NewMedia0,262,4.30988,55461763313,0.50244,0.52748,3.91718,0.39270,9,1,0.50015,0.54200,1,0.36042,0.24815,0,,0.52146,0.57213,1,0.47885,0.51188,1,0.37225,0.54069,16.03039,0.95543,1,0.75574,0.55388,17.43940,0.95543,1,0,0.00000,13,3.63274,1,3.95535,1,0.00000,0,0.00000,0,0.00000,0,1,1,0,0.00000,0,,0.00000,0.00000,
1,NewMedia0,263,4.35138,55462178413,0.50283,0.52691,3.91718,0.43420,9,1,0.51244,0.51280,1,0.36042,0.24815,0,,0.52011,0.55144,1,0.50477,0.47416,1,0.37274,0.54067,16.46431,0.95543,1,0.75601,0.55377,17.04287,0.95543,1,0,0.00000,13,3.75765,1,3.99771,1,0.00000,0,0.00000,0,0.00000,0,1,1,0,0.00000,0,,0.00000,0.00000,
1,NewMedia0,265,4.36206,55462285406,0.50652,0.52648,3.91718,0.44489,9,1,0.55419,0.51814,1,0.36042,0.24815,0,,0.53598,0.52192,1,0.57240,0.51437,1,0.37402,0.54068,16.54303,0.96324,1,0.75706,0.55424,17.49805,0.95564,1,0,0.00000,13,3.73725,1,3.87533,1,0.00000,0,0.00000,0,0.00000,0,1,1,0,0.00000,0,,0.00000,0.00000,
1,NewMedia0,266,4.38727,55462537289,0.50810,0.52606,3.91718,0.47009,9,1,0.55254,0.51444,1,0.36042,0.24815,0,,0.54839,0.52670,1,0.55669,0.50218,1,0.37414,0.54047,16.60657,0.96345,1,0.75735,0.55417,17.35283,0.95585,1,0,0.00000,13,3.70696,1,3.90606,1,0.00000,0,0.00000,0,0.00000,0,1,1,0,0.00000,0,,0.00000,0.00000,
1,NewMedia0,267,4.39435,55462608430,0.50954,0.52732,3.91718,0.47717,9,1,0.55119,0.56391,1,0.36042,0.24815,0,,0.53445,0.56008,1,0.56794,0.56774,1,0.37416,0.54021,16.37828,0.96366,1,0.75751,0.55430,17.50134,0.95606,1,0,0.00000,13,3.70398,1,3.91309,1,0.00000,0,0.00000,0,0.00000,0,1,1,0,0.00000,0,,0.00000,0.00000,
1,NewMedia0,268,4.40851,55462750169,0.51089,0.52836,3.91718,0.49133,9,1,0.55148,0.55942,1,0.36042,0.24815,0,,0.53442,0.55981,1,0.56854,0.55902,1,0.37456,0.54094,16.40538,0.96387,1,0.75780,0.55466,17.43937,0.96387,1,0,0.00000,13,3.62502,1,3.85470,1,0.00000,0,0.00000,0,0.00000,0,1,1,0,0.00000,0,,0.00000,0.00000,
1,NewMedia0,269,4.45526,55463217699,0.51129,0.52795,3.91718,0.53809,9,1,0.52350,0.51534,1,0.36042,0.24815,0,,0.52183,0.47398,1,0.52517,0.55669,1,0.37492,0.54079,16.15088,0.96387,1,0.75803,0.55451,17.23533,0.97147,1,0,0.00000,13,3.62474,1,3.87831,1,0.00000,0,0.00000,0,0.00000,0,1,1,0,0.00000,0,,0.00000,0.00000,
1,NewMedia0,270,4.45807,55463245802,0.51176,0.52616,3.91718,0.54089,9,1,0.52687,0.46880,1,0.36042,0.24815,0,,0.52423,0.45055,1,0.52950,0.48704,1,0.37496,0.54102,16.41058,0.97147,1,0.75828,0.55496,17.36990,0.97908,1,0,0.00000,13,3.63081,1,3.90207,1,0.00000,0,0.00000,0,0.00000,0,1,1,0,0.00000,0,,0.00000,0.00000,
1,NewMedia0,271,4.46869,55463351971,0.51218,0.52432,3.91718,0.55151,9,1,0.52623,0.46351,1,0.36042,0.24815,0,,0.52297,0.43998,1,0.52950,0.48704,1,0.37547,0.54139,16.16320,0.97908,1,0.75849,0.55513,17.18185,0.97908,1,0,0.00000,13,3.65313,1,3.92469,1,0.00000,0,0.00000,0,0.00000,0,1,1,0,0.00000,0,,0.00000,0.00000,
1,NewMedia0,273,4.49176,55463582605,0.51317,0.52382,3.91718,0.57458,9,1,0.52827,0.52404,1,0.36042,0.24815,0,,0.51238,0.55207,1,0.54415,0.49601,1,0.37579,0.54167,16.21082,0.97147,1,0.75920,0.55549,17.00983,0.96387,1,0,0.00000,13,3.61423,1,3.91893,1,0.00000,0,0.00000,0,0.00000,0,1,1,0,0.00000,0,,0.00000,0.00000,
1,NewMedia0,274,4.50726,55463737368,0.51359,0.52396,3.91718,0.59009,9,1,0.52893,0.52891,1,0.36042,0.24815,0,,0.51371,0.56181,1,0.54415,0.49601,1,0.37600,0.54199,16.18562,0.96387,1,0.75945,0.55568,17.03205,0.96387,1,0,0.00000,13,3.58459,1,3.90504,1,0.00000,0,0.00000,0,0.00000,0,1,1,0,0.00000,0,,31.52791,323.26627,
1,NewMedia0,275,4.52338,55463898710,0.53857,0.51640,3.91718,0.59009,9,0,0.53340,0.51016,1,0.36042,0.24815,0,,0.53516,0.51819,1,0.53163,0.50212,1,0.37633,0.54208,15.80392,0.96387,1,0.75950,0.55622,17.18694,0.97147,1,0,0.00000,13,3.87779,1,3.92201,1,0.00000,0,0.00000,0,0.00000,0,1,1,0,0.00000,0,,0.00000,0.00000,
1,NewMedia0,276,4.55389,55464203725,0.54507,0.52764,3.91718,0.59009,9,0,0.55157,0.53888,1,0.36042,0.24815,0,,0.54572,0.53216,1,0.55742,0.54559,1,0.37687,0.54246,16.31591,0.97147,1,0.75977,0.55622,17.25873,0.97908,1,0,0.00000,13,3.70587,1,3.86921,1,0.00000,0,0.00000,0,0.00000,0,1,1,0,0.00000,0,,0.00000,0.00000,
1,NewMedia0,277,4.55737,55464238652,0.54724,0.53147,3.91718,0.59009,9,0,0.55158,0.53913,1,0.36042,0.24815,0,,0.54575,0.53244,1,0.55741,0.54582,1,0.37692,0.54242,16.31601,0.97126,1,0.76008,0.55688,17.08181,0.97887,1,0,0.00000,13,3.72208,1,3.88239,1,0.00000,0,0.00000,0,0.00000,0,1,1,0,0.00000,0,,0.00000,0.00000,
1,NewMedia0,278,4.60370,55464701701,0.54334,0.51956,4.52338,0.08032,10,1,0.53165,0.48384,1,0.36042,0.24815,0,,0.48712,0.48809,1,0.57618,0.47959,1,0.37699,0.54308,16.08220,0.97106,1,0.76034,0.55707,17.17008,0.97106,1,0,0.00000,13,3.56758,1,3.87206,1,0.00000,0,0.00000,0,0.00000,0,1,1,0,0.00000,0,,0.00000,0.00000,
1,NewMedia0,279,4.60779,55464742735,0.53680,0.51307,4.52338,0.08441,10,1,0.51064,0.48710,1,0.36042,0.24815,0,,0.50805,0.46680,1,0.51322,0.50741,1,0.37738,0.54302,16.27143,0.96324,1,0.76056,0.55719,17.22129,0.96324,1,0,0.00000,13,3.61014,1,3.90460,1,0.00000,0,0.00000,0,0.00000,0,1,1,0,0.00000,0,,0.00000,0.00000,
1,NewMedia0,280,4.60925,55464757464,0.53255,0.51040,4.52338,0.08588,10,1,0.51126,0.49703,1,0.36042,0.24815,0,,0.50947,0.47758,1,0.51306,0.51648,1,0.37755,0.54287,15.93630,0.95543,1,0.76080,0.55741,17.14411,0.95543,1,0,0.00000,13,3.65750,1,3.86412,1,0.00000,0,0.00000,0,0.00000,0,1,1,0,0.00000,0,,0.00000,0.00000,
1,NewMedia0,281,4.62219,55464886769,0.53322,0.50617,4.52338,0.09882,10,1,0.53724,0.48083,1,0.36042,0.24815,0,,0.54221,0.50018,1,0.53227,0.46147,1,0.37795,0.54325,15.93702,0.95543,1,0.76113,0.55731,17.08848,0.95543,1,0,0.00000,13,3.59380,1,3.92381,1,0.00000,0,0.00000,0,0.00000,0,1,1,0,0.00000,0,,0.00000,0.00000,
1,NewMedia0,282,4.63849,55465049802,0.53570,0.49985,4.52338,0.11511,10,1,0.55307,0.45557,1,0.36042,0.24815,0,,0.55792,0.48178,1,0.54822,0.42936,1,0.37809,0.54329,16.16308,0.95543,1,0.76131,0.55730,17.05586,0.95543,1,0,0.00000,13,3.63098,1,3.89025,1,0.00000,0,0.00000,0,0.00000,0,1,1,0,0.00000,0,,0.00000,0.00000,
1,NewMedia0,283,4.67651,55465430086,0.53757,0.49431,4.52338,0.15314,10,1,0.55253,0.45002,1,0.36042,0.24815,0,,0.55684,0.47093,1,0.54823,0.42910,1,0.37842,0.54315,16.01165,0.96324,1,0.76129,0.55745,17.27262,0.95564,1,0,0.00000,13,3.58951,1,3.86159,1,0.00000,0,0.00000,0,0.00000,0,1,1,0,0.00000,0,,0.00000,0.00000,
1,NewMedia0,284,4.71558,55465820355,0.53755,0.51340,4.52338,0.19220,10,1,0.53737,0.68525,1,0.36042,0.24815,0,,0.53916,0.66218,1,0.53557,0.70831,1,0.37914,0.54401,13.30668,0.96345,1,0.76070,0.55834,16.01940,0.95585,1,0,0.00000,13,3.44073,1,3.66344,1,0.00000,0,0.00000,0,0.00000,0,1,1,0,0.00000,0,,0.00000,0.00000,
1,NewMedia0,285,4.71729,55465837849,0.53755,0.51340,4.52338,0.19391,10,1,0.53737,0.68525,0,0.36042,0.24815,0,,0.53916,0.66218,0,0.53557,0.70831,0,0.37914,0.54401,13.30668,0.96366,0,0.76070,0.55834,16.01940,0.95606,0,0,0.00000,13,3.44073,0,3.66344,0,0.00000,0,0.00000,0,0.00000,0,1,1,0,0.00000,0,,0.00000,0.00000,
1,NewMedia0,287,4.72284,55465893159,0.53755,0.51340,4.52338,0.19946,10,1,0.53737,0.68525,0,0.36042,0.24815,0,,0.53916,0.66218,0,0.53557,0.70831,0,0.37914,0.54401,13.30668,0.95626,0,0.76070,0.55834,16.01940,0.95626,0,0,0.00000,13,3.44073,0,3.66344,0,0.00000,0,0.00000,0,0.00000,0,1,1,0,0.00000,0,,47.39577,13.92357,
1,NewMedia0,288,4.73724,55466037105,0.53743,0.51307,4.52338,0.19946,10,0,0.53737,0.68525,0,0.36042,0.24815,0,,0.53916,0.66218,0,0.53557,0.70831,0,0.37914,0.54401,13.30668,0.95626,0,0.76070,0.55834,16.01940,0.95626,0,0,0.00000,13,3.44073,0,3.66344,0,0.00000,0,0.00000,0,0.00000,0,1,1,0,0.00000,0,,0.00000,0.00000,
1,NewMedia0,289,4.75360,55466200724,0.53743,0.51307,4.52338,0.19946,10,0,0.53737,0.68525,0,0.36042,0.24815,0,,0.53916,0.66218,0,0.53557,0.70831,0,0.37914,0.54401,13.30668,0.95626,0,0.76070,0.55834,16.01940,0.95626,0,0,0.00000,13,3.44073,0,3.66344,0,0.00000,0,0.00000,0,0.00000,0,1,1,0,0.00000,0,,0.00000,0.00000,
1,NewMedia0,290,4.81036,55466768367,0.53743,0.51307,4.52338,0.19946,10,0,0.53737,0.68525,0,0.36042,0.24815,0,,0.53916,0.66218,0,0.53557,0.70831,0,0.37914,0.54401,13.30668,0.95626,0,0.76070,0.55834,16.01940,0.95626,0,204,0.00000,13,3.44073,0,3.66344,0,0.00000,0,0.00000,0,0.00000,0,1,1,0,0.00000,0,,0.00000,0.00000,
1,NewMedia0,291,4.81244,55466789320,0.00000,0.00000,4.52338,0.19946,10,0,0.53737,0.68525,0,0.36042,0.24815,0,,0.53916,0.66218,0,0.53557,0.70831,0,0.37914,0.54401,13.30668,0.95626,0,0.76070,0.55834,16.01940,0.95626,0,204,0.00000,13,3.44073,0,3.66344,0,0.00000,0,0.00000,0,0.00000,0,1,1,0,0.00000,0,,0.00000,0.00000,
1,NewMedia0,292,4.83215,55466986382,0.00000,0.00000,4.52338,0.19946,10,0,0.53737,0.68525,0,0.36042,0.24815,0,,0.53916,0.66218,0,0.53557,0.70831,0,0.37914,0.54401,13.30668,0.95626,0,0.76070,0.55834,16.01940,0.95626,0,204,0.00000,13,3.44073,0,3.66344,0,0.00000,0,0.00000,0,0.00000,0,1,1,0,0.00000,0,,0.00000,0.00000,
1,NewMedia0,293,4.83844,55467049513,0.00000,0.00000,4.52338,0.19946,10,0,0.53737,0.68525,0,0.36042,0.24815,0,,0.53916,0.66218,0,0.53557,0.70831,0,0.37914,0.54401,13.30668,0.95626,0,0.76070,0.55834,16.01940,0.95626,0,204,0.00000,13,3.44073,0,3.66344,0,0.00000,0,0.00000,0,0.00000,0,1,1,0,0.00000,0,,0.00000,0.00000,
1,NewMedia0,294,4.85291,55467193956,0.00000,0.00000,4.52338,0.19946,10,0,0.53737,0.68525,0,0.36042,0.24815,0,,0.53916,0.66218,0,0.53557,0.70831,0,0.37914,0.54401,13.30668,0.95626,0,0.76070,0.55834,16.01940,0.95626,0,204,0.00000,13,3.44073,0,3.66344,0,0.00000,0,0.00000,0,0.00000,0,1,1,0,0.00000,0,,0.00000,0.00000,
1,NewMedia0,295,4.86896,55467354446,0.00000,0.00000,4.52338,0.19946,10,0,0.53737,0.68525,0,0.36042,0.24815,0,,0.53916,0.66218,0,0.53557,0.70831,0,0.37914,0.54401,13.30668,0.95626,0,0.76070,0.55834,16.01940,0.95626,0,204,0.00000,13,3.44073,0,3.66344,0,0.00000,0,0.00000,0,0.00000,0,1,1,0,0.00000,0,,0.00000,0.00000,
1,NewMedia0,296,4.92212,55467886338,0.00000,0.00000,4.52338,0.19946,10,0,0.53737,0.68525,0,0.36042,0.24815,0,,0.53916,0.66218,0,0.53557,0.70831,0,0.37914,0.54401,13.30668,0.95626,0,0.76070,0.55834,16.01940,0.95626,0,204,0.00000,13,3.44073,0,3.66344,0,0.00000,0,0.00000,0,0.00000,0,1,1,0,0.00000,0,,0.00000,0.00000,
1,NewMedia0,298,4.92761,55467940822,0.00000,0.00000,4.52338,0.19946,10,0,0.53737,0.68525,0,0.36042,0.24815,0,,0.53916,0.66218,0,0.53557,0.70831,0,0.37914,0.54401,13.30668,0.95626,0,0.76070,0.55834,16.01940,0.95626,0,204,0.00000,13,3.44073,0,3.66344,0,0.00000,0,0.00000,0,0.00000,0,1,1,0,0.00000,0,,0.00000,0.00000,
1,NewMedia0,299,4.94885,55468153592,0.00000,0.00000,4.52338,0.19946,10,0,0.53737,0.68525,0,0.36042,0.24815,0,,0.53916,0.66218,0,0.53557,0.70831,0,0.37914,0.54401,13.30668,0.95626,0,0.76070,0.55834,16.01940,0.95626,0,204,0.00000,13,3.44073,0,3.66344,0,0.00000,0,0.00000,0,0.00000,0,1,1,0,0.00000,0,,0.00000,0.00000,
1,NewMedia0,300,4.95154,55468180530,0.53888,0.70139,4.52338,0.19946,10,0,0.53888,0.70139,1,0.36042,0.24815,0,,0.54249,0.68806,1,0.53528,0.71473,1,0.37895,0.54391,15.52401,0.94156,1,0.76174,0.55820,16.81155,0.94916,1,0,0.14122,14,3.51551,1,3.94042,1,0.00000,0,0.00000,0,0.00000,0,1,1,0,0.00000,0,,0.00000,0.00000,
1,NewMedia0,301,4.96771,55468342206,0.51774,0.62794,4.52338,0.19946,10,0,0.49659,0.55450,1,0.36042,0.24815,0,,0.53455,0.57917,1,0.45863,0.52982,1,0.37902,0.54426,15.29313,0.93446,1,0.76189,0.55828,17.11369,0.94206,1,0,0.00000,14,3.62021,1,3.88136,1,0.00000,0,0.00000,0,0.00000,0,1,1,0,0.00000,0,,0.00000,0.00000,
1,NewMedia0,302,4.99396,55468604414,0.51470,0.61790,4.52338,0.19946,10,0,0.50863,0.59781,1,0.36042,0.24815,0,,0.54278,0.58767,1,0.47448,0.60794,1,0.37923,0.54389,15.47356,0.92736,1,0.76196,0.55842,17.24932,0.93496,1,0,0.00000,14,3.47710,1,3.91355,1,0.00000,0,0.00000,0,0.00000,0,1,1,0,0.00000,0,,0.00000,0.00000,
1,NewMedia0,303,5.02252,55468890203,0.50439,0.58034,4.52338,0.19946,10,0,0.50796,0.58872,1,0.36042,0.24815,0,,0.54160,0.57771,1,0.47433,0.59974,1,0.37927,0.54400,15.42694,0.93496,1,0.76212,0.55827,17.28562,0.94256,1,0,0.00000,14,3.50222,1,3.90864,1,0.00000,0,0.00000,0,0.00000,0,1,1,0,0.00000,0,,0.00000,0.00000,
1,NewMedia0,304,5.02600,55468924625,0.49686,0.54822,4.52338,0.19946,10,0,0.48933,0.51609,1,0.36042,0.24815,0,,0.50434,0.54888,1,0.47431,0.48329,1,0.37940,0.54400,15.19385,0.95727,1,0.76217,0.55821,17.01273,0.95727,1,0,0.00000,14,3.50611,1,3.84409,1,0.00000,0,0.00000,0,0.00000,0,1,1,0,0.00000,0,,0.00000,0.00000,
1,NewMedia0,305,5.04901,55469155049,0.50760,0.53766,4.52338,0.19946,10,0,0.52907,0.51654,1,0.36042,0.24815,0,,0.53631,0.52665,1,0.52183,0.50643,1,0.37931,0.54397,15.57380,0.97198,1,0.76222,0.55773,16.48226,0.97198,1,0,0.00000,14,3.49221,1,3.93053,1,0.00000,0,0.00000,0,0.00000,0,1,1,0,0.00000,0,,0.00000,0.00000,
1,NewMedia0,306,5.05298,55469194684,0.51274,0.52785,5.02252,0.03046,11,1,0.52816,0.49842,1,0.36042,0.24815,0,,0.53404,0.50735,1,0.52227,0.48948,1,0.37926,0.54384,15.47925,0.98668,1,0.76215,0.55748,16.42431,0.98668,1,0,0.00000,14,3.47012,1,3.88166,1,0.00000,0,0.00000,0,0.00000,0,1,1,0,0.00000,0,,0.00000,0.00000,
1,NewMedia0,307,5.06555,55469320655,0.50658,0.52385,5.02252,0.04303,11,1,0.48197,0.50784,1,0.36042,0.24815,0,,0.49278,0.48970,1,0.47115,0.52598,1,0.37925,0.54390,15.55755,0.98668,1,0.76214,0.55738,17.10972,0.98668,1,0,0.00000,14,3.48352,1,3.98350,1,0.00000,0,0.00000,0,0.00000,0,1,1,0,0.00000,0,,0.00000,0.00000,
1,NewMedia0,308,5.08209,55469485614,0.50566,0.51590,5.02252,0.05957,11,1,0.50104,0.47619,1,0.36042,0.24815,0,,0.53172,0.48890,1,0.47037,0.46349,1,0.37916,0.54379,15.47975,0.98668,1,0.76206,0.55793,16.91866,0.98668,1,0,0.00000,14,3.46667,1,3.82241,1,0.00000,0,0.00000,0,0.00000,0,1,1,0,0.00000,0,,0.00000,0.00000,
1,NewMedia0,309,5.11011,55469765842,0.50501,0.51086,5.02252,0.08759,11,1,0.50113,0.48064,1,0.36042,0.24815,0,,0.53172,0.48890,1,0.47054,0.47237,1,0.37914,0.54376,15.38822,0.98668,1,0.76192,0.55829,17.29743,0.97908,1,0,0.00000,14,3.45464,1,3.84982,1,0.00000,0,0.00000,0,0.00000,0,1,1,0,0.00000,0,,0.00000,0.00000,
1,NewMedia0,310,5.13855,55470050186,0.50636,0.50541,5.02252,0.11603,11,1,0.51578,0.46726,1,0.36042,0.24815,0,,0.52807,0.45873,1,0.50348,0.47579,1,0.37920,0.54385,15.46825,0.97908,1,0.76197,0.55772,16.65828,0.97147,1,0,0.00000,14,3.46362,1,3.86959,1,0.00000,0,0.00000,0,0.00000,0,1,1,0,0.00000,0,,0.00000,0.00000,
1,NewMedia0,311,5.14069,55470071725,0.50544,0.50711,5.02252,0.11816,11,1,0.49806,0.52065,1,0.36042,0.24815,0,,0.53241,0.49944,1,0.46371,0.54185,1,0.37915,0.54369,15.40442,0.97147,1,0.76205,0.55805,17.40673,0.96387,1,0,0.00000,14,3.51476,1,3.86448,1,0.00000,0,0.00000,0,0.00000,0,1,1,0,0.00000,0,,0.00000,0.00000,
1,NewMedia0,312,5.16156,55470280598,0.50476,0.50897,5.02252,0.13904,11,1,0.49866,0.52574,1,0.36042,0.24815,0,,0.53361,0.50963,1,0.46371,0.54185,1,0.37907,0.54355,15.37737,0.96387,1,0.76202,0.55795,17.43647,0.96387,1,0,0.00000,14,3.54059,1,3.85303,1,0.00000,0,0.00000,0,0.00000,0,1,1,0,0.00000,0,,0.00000,0.00000,
1,NewMedia0,313,5.16449,55470309811,0.50474,0.51289,5.02252,0.14197,11,1,0.50451,0.55213,1,0.36042,0.24815,0,,0.52494,0.56005,1,0.48407,0.54420,1,0.37935,0.54337,15.47128,0.96387,1,0.76167,0.55748,16.62302,0.97147,1,0,0.00000,14,3.44191,1,3.89289,1,0.00000,0,0.00000,0,0.00000,0,1,1,0,0.00000,0,,0.00000,0.00000,
1,NewMedia0,314,5.18073,55470472406,0.50138,0.46528,5.02252,0.15820,11,1,0.46445,-0.05852,1,0.36042,0.24815,0,,0.42426,-0.17559,1,0.50463,0.05856,1,0.37966,0.54149,12.55574,0.97147,1,0.76132,0.55690,15.35735,0.97908,1,0,0.00000,14,3.55781,1,3.68666,1,0.00000,0,0.00000,0,0.00000,0,1,1,0,0.00000,0,,0.00000,0.00000,
1,NewMedia0,315,5.21429,55470808056,0.50138,0.46528,5.02252,0.19177,11,1,0.46445,-0.05852,0,0.36042,0.24815,0,,0.42426,-0.17559,0,0.50463,0.05856,0,0.37966,0.54149,12.55574,0.97908,0,0.76132,0.55690,15.35735,0.98668,0,0,0.00000,14,3.55781,0,3.68666,0,0.00000,0,0.00000,0,0.00000,0,1,1,0,0.00000,0,,0.00000,0.00000,
1,NewMedia0,316,5.21704,55470835416,0.50138,0.46528,5.02252,0.19452,11,1,0.46445,-0.05852,0,0.36042,0.24815,0,,0.42426,-0.17559,0,0.50463,0.05856,0,0.37966,0.54149,12.55574,0.98668,0,0.76132,0.55690,15.35735,0.98668,0,0,0.00000,14,3.55781,0,3.68666,0,0.00000,0,0.00000,0,0.00000,0,1,1,0,0.00000,0,,0.00000,0.00000,
1,NewMedia0,317,5.26318,55471296658,0.50138,0.46528,5.02252,0.24066,11,1,0.46445,-0.05852,0,0.36042,0.24815,0,,0.42426,-0.17559,0,0.50463,0.05856,0,0.37966,0.54149,12.55574,0.98668,0,0.76132,0.55690,15.35735,0.98668,0,0,0.00000,14,3.55781,0,3.68666,0,0.00000,0,0.00000,0,0.00000,0,1,1,0,0.00000,0,,86.73886,143.19092,
1,NewMedia0,318,5.26569,55471321679,0.50110,0.45482,5.02252,0.24066,11,0,0.46445,-0.05852,0,0.36042,0.24815,0,,0.42426,-0.17559,0,0.50463,0.05856,0,0.37966,0.54149,12.55574,0.98668,0,0.76132,0.55690,15.35735,0.98668,0,0,0.00000,14,3.55781,0,3.68666,0,0.00000,0,0.00000,0,0.00000,0,1,1,0,0.00000,0,,0.00000,0.00000,
1,NewMedia0,319,5.27197,55471384693,0.50110,0.45482,5.02252,0.24066,11,0,0.46445,-0.05852,0,0.36042,0.24815,0,,0.42426,-0.17559,0,0.50463,0.05856,0,0.37966,0.54149,12.55574,0.98668,0,0.76132,0.55690,15.35735,0.98668,0,0,0.00000,14,3.55781,0,3.68666,0,0.00000,0,0.00000,0,0.00000,0,1,1,0,0.00000,0,,0.00000,0.00000,
1,NewMedia0,320,5.28082,55471472825,0.50110,0.45482,5.02252,0.24066,11,0,0.46445,-0.05852,0,0.36042,0.24815,0,,0.42426,-0.17559,0,0.50463,0.05856,0,0.37966,0.54149,12.55574,0.98668,0,0.76132,0.55690,15.35735,0.98668,0,0,0.00000,14,3.55781,0,3.68666,0,0.00000,0,0.00000,0,0.00000,0,1,1,0,0.00000,0,,0.00000,0.00000,
1,NewMedia0,321,5.29578,55471622516,0.00000,0.00000,5.02252,0.24066,11,0,0.46445,-0.05852,0,0.36042,0.24815,0,,0.42426,-0.17559,0,0.50463,0.05856,0,0.37966,0.54149,12.55574,0.98668,0,0.76132,0.55690,15.35735,0.98668,0,0,0.00000,14,3.55781,0,3.68666,0,0.00000,0,0.00000,0,0.00000,0,1,1,0,0.00000,0,,0.00000,0.00000,
1,NewMedia0,322,5.32251,55471889874,0.00000,0.00000,5.02252,0.24066,11,0,0.46445,-0.05852,0,0.36042,0.24815,0,,0.42426,-0.17559,0,0.50463,0.05856,0,0.37966,0.54149,12.55574,0.98668,0,0.76132,0.55690,15.35735,0.98668,0,0,0.00000,14,3.55781,0,3.68666,0,0.00000,0,0.00000,0,0.00000,0,1,1,0,0.00000,0,,0.00000,0.00000,
1,NewMedia0,323,5.36194,55472284376,0.00000,0.00000,5.02252,0.24066,11,0,0.46445,-0.05852,0,0.36042,0.24815,0,,0.42426,-0.17559,0,0.50463,0.05856,0,0.37966,0.54149,12.55574,0.98668,0,0.76132,0.55690,15.35735,0.98668,0,0,0.00000,14,3.55781,0,3.68666,0,0.00000,0,0.00000,0,0.00000,0,1,1,0,0.00000,0,,0.00000,0.00000,
1,NewMedia0,325,5.38727,55472537289,0.00000,0.00000,5.02252,0.24066,11,0,0.46445,-0.05852,0,0.36042,0.24815,0,,0.42426,-0.17559,0,0.50463,0.05856,0,0.37966,0.54149,12.55574,0.98668,0,0.76132,0.55690,15.35735,0.98668,0,0,0.00000,14,3.55781,0,3.68666,0,0.00000,0,0.00000,0,0.00000,0,1,1,0,0.00000,0,,0.00000,0.00000,
1,NewMedia0,326,5.39026,55472567345,0.00000,0.00000,5.02252,0.24066,11,0,0.46445,-0.05852,0,0.36042,0.24815,0,,0.42426,-0.17559,0,0.50463,0.05856,0,0.37966,0.54149,12.55574,0.98668,0,0.76132,0.55690,15.35735,0.98668,0,0,0.00000,14,3.55781,0,3.68666,0,0.00000,0,0.00000,0,0.00000,0,1,1,0,0.00000,0,,0.00000,0.00000,
1,NewMedia0,327,5.39508,55472615955,0.00000,0.00000,5.02252,0.24066,11,0,0.46445,-0.05852,0,0.36042,0.24815,0,,0.42426,-0.17559,0,0.50463,0.05856,0,0.37966,0.54149,12.55574,0.98668,0,0.76132,0.55690,15.35735,0.98668,0,0,0.00000,14,3.55781,0,3.68666,0,0.00000,0,0.00000,0,0.00000,0,1,1,0,0.00000,0,,0.00000,0.00000,
1,NewMedia0,328,5.41370,55472801925,0.00000,0.00000,5.02252,0.24066,11,0,0.46445,-0.05852,0,0.36042,0.24815,0,,0.42426,-0.17559,0,0.50463,0.05856,0,0.37966,0.54149,12.55574,0.98668,0,0.76132,0.55690,15.35735,0.98668,0,0,0.00000,14,3.55781,0,3.68666,0,0.00000,0,0.00000,0,0.00000,0,1,1,0,0.00000,0,,0.00000,0.00000,
1,NewMedia0,329,5.44092,55473074201,0.00000,0.00000,5.02252,0.24066,11,0,0.46445,-0.05852,0,0.36042,0.24815,0,,0.42426,-0.17559,0,0.50463,0.05856,0,0.37966,0.54149,12.55574,0.98668,0,0.76132,0.55690,15.35735,0.98668,0,0,0.00000,14,3.55781,0,3.68666,0,0.00000,0,0.00000,0,0.00000,0,1,1,0,0.00000,0,,0.00000,0.00000,
1,NewMedia0,330,5.45605,55473225489,0.00000,0.00000,5.02252,0.24066,11,0,0.46445,-0.05852,0,0.36042,0.24815,0,,0.42426,-0.17559,0,0.50463,0.05856,0,0.37966,0.54149,12.55574,0.98668,0,0.76132,0.55690,15.35735,0.98668,0,0,0.00000,14,3.55781,0,3.68666,0,0.00000,0,0.00000,0,0.00000,0,1,1,0,0.00000,0,,0.00000,0.00000,
1,NewMedia0,331,5.49304,55473595311,0.25373,0.23533,5.02252,0.24066,11,0,0.50746,0.47067,1,0.36042,0.24815,0,,0.49747,0.45222,1,0.51745,0.48912,1,0.38254,0.54128,15.37063,0.98668,1,0.76525,0.55670,17.07330,0.98668,1,0,0.00000,14,3.46797,1,3.76001,1,0.00000,0,0.00000,0,0.00000,0,1,1,0,0.00000,0,,0.00000,0.00000,
1,NewMedia0,333,5.49884,55473653161,0.51924,0.45017,5.02252,0.24066,11,0,0.52505,0.44225,1,0.36042,0.24815,0,,0.51652,0.45770,1,0.53359,0.42681,1,0.38305,0.54132,15.52960,0.98668,1,0.76592,0.55663,17.09368,0.97908,1,0,0.00000,14,3.51842,1,3.82368,1,0.00000,0,0.00000,0,0.00000,0,1,1,0,0.00000,0,,0.00000,0.00000,
1,NewMedia0,334,5.50928,55473757382,0.51045,0.47109,5.02252,0.24066,11,0,0.50166,0.49202,1,0.36042,0.24815,0,,0.46378,0.46023,1,0.53955,0.52381,1,0.38359,0.54080,15.09679,0.97908,1,0.76637,0.55656,17.20720,0.97147,1,0,0.00000,14,3.53298,1,3.82480,1,0.00000,0,0.00000,0,0.00000,0,1,1,0,0.00000,0,,0.00000,0.00000,
1,NewMedia0,335,5.53467,55474011406,0.50187,0.46905,5.02252,0.24066,11,0,0.48471,0.46495,1,0.36042,0.24815,0,,0.49494,0.41172,1,0.47447,0.51818,1,0.38366,0.54117,15.11895,0.97147,1,0.76657,0.55658,16.95565,0.96387,1,0,0.00000,14,3.60291,1,3.81143,1,0.00000,0,0.00000,0,0.00000,0,1,1,0,0.00000,0,,0.00000,0.00000,
1,NewMedia0,336,5.58667,55474531804,0.49797,0.47188,5.49884,0.08783,12,1,0.48626,0.48038,1,0.36042,0.24815,0,,0.49791,0.43367,1,0.47461,0.52709,1,0.38411,0.54122,15.55375,0.95606,1,0.76701,0.55675,16.60894,0.95606,1,0,0.00000,14,3.54868,1,3.85382,1,0.00000,0,0.00000,0,0.00000,0,1,1,0,0.00000,0,,0.00000,0.00000,
1,NewMedia0,337,5.58844,55474549505,0.50136,0.47566,5.49884,0.08960,12,1,0.51495,0.49081,1,0.36042,0.24815,0,,0.52551,0.49659,1,0.50438,0.48502,1,0.38431,0.54133,15.49794,0.94824,1,0.76709,0.55678,16.81423,0.95585,1,0,0.00000,14,3.55096,1,3.81560,1,0.00000,0,0.00000,0,0.00000,0,1,1,0,0.00000,0,,0.00000,0.00000,
1,NewMedia0,338,5.59015,55474566126,0.50527,0.48193,5.49884,0.09131,12,1,0.52481,0.51327,1,0.36042,0.24815,0,,0.52483,0.47854,1,0.52479,0.54801,1,0.38427,0.54107,15.44493,0.94804,1,0.76734,0.55663,17.04212,0.95564,1,0,0.00000,14,3.50320,1,3.79915,1,0.00000,0,0.00000,0,0.00000,0,1,1,0,0.00000,0,,0.00000,0.00000,
1,NewMedia0,339,5.59503,55474615269,0.50807,0.48645,5.49884,0.09619,12,1,0.52483,0.51354,1,0.36042,0.24815,0,,0.52487,0.47883,1,0.52478,0.54824,1,0.38453,0.54127,15.35357,0.94783,1,0.76772,0.55675,16.80569,0.95543,1,0,0.00000,14,3.55794,1,3.85757,1,0.00000,0,0.00000,0,0.00000,0,1,1,0,0.00000,0,,0.00000,0.00000,
1,NewMedia0,340,5.61115,55474776400,0.50577,0.48989,5.49884,0.11230,12,1,0.48971,0.51397,1,0.36042,0.24815,0,,0.48971,0.51397,1,0.52478,0.54824,0,0.38494,0.54137,15.24273,0.95543,1,0.76772,0.55675,16.80569,0.95543,0,0,0.00000,14,3.49512,1,3.85757,0,0.00000,0,0.00000,0,0.00000,0,1,1,0,0.00000,0,,0.00000,0.00000,
1,NewMedia0,341,5.62415,55474906141,0.50449,0.49309,5.49884,0.12531,12,1,0.49426,0.51873,1,0.36042,0.24815,0,,0.49426,0.51873,1,0.52478,0.54824,0,0.38523,0.54143,15.69831,0.95543,1,0.76772,0.55675,16.80569,0.95543,0,0,0.00000,14,3.50680,1,3.85757,0,0.00000,0,0.00000,0,0.00000,0,1,1,0,0.00000,0,,0.00000,0.00000,
1,NewMedia0,342,5.67694,55475434099,0.50565,0.49475,5.49884,0.17810,12,1,0.51607,0.50969,1,0.36042,0.24815,0,,0.51607,0.50969,1,0.52478,0.54824,0,0.38551,0.54115,15.62831,0.95543,1,0.76772,0.55675,16.80569,0.95543,0,0,0.00000,14,3.52563,1,3.85757,0,0.00000,0,0.00000,0,0.00000,0,1,1,0,0.00000,0,,0.00000,0.00000,
1,NewMedia0,343,5.70825,55475747102,0.50609,0.49020,5.49884,0.20941,12,1,0.51048,0.44472,1,0.36042,0.24815,0,,0.51048,0.44472,1,0.52478,0.54824,0,0.38546,0.54096,15.55638,0.95543,1,0.76772,0.55675,16.80569,0.95543,0,0,0.00000,14,3.59324,1,3.85757,0,0.00000,0,0.00000,0,0.00000,0,1,1,0,0.00000,0,,0.00000,0.00000,
1,NewMedia0,344,5.71582,55475822817,0.50634,0.48549,5.49884,0.21698,12,1,0.50906,0.43366,1,0.36042,0.24815,0,,0.50906,0.43366,1,0.52478,0.54824,0,0.38577,0.54068,15.44895,0.96324,1,0.76772,0.55675,16.80569,0.96324,0,0,0.00000,14,3.67582,1,3.85757,0,0.00000,0,0.00000,0,0.00000,0,1,1,0,0.00000,0,,0.00000,0.00000,
1,NewMedia0,346,5.72314,55475896148,0.50299,0.47472,5.49884,0.22430,12,1,0.48137,0.39237,1,0.36042,0.24815,0,,0.48137,0.39237,1,0.52478,0.54824,0,0.38573,0.54063,15.41892,0.97887,1,0.76772,0.55675,16.80569,0.97887,0,0,0.00000,14,3.69055,1,3.85757,0,0.00000,0,0.00000,0,0.00000,0,1,1,0,0.00000,0,,0.00000,0.00000,
1,NewMedia0,347,5.73944,55476059147,0.50144,0.46848,5.49884,0.24060,12,1,0.47979,0.38120,1,0.36042,0.24815,0,,0.47979,0.38120,1,0.52478,0.54824,0,0.38613,0.54037,15.83318,0.98668,1,0.76772,0.55675,16.80569,0.98668,0,0,0.00000,14,3.79323,1,3.85757,0,0.00000,0,0.00000,0,0.00000,0,1,1,0,0.00000,0,,0.00000,0.00000,
1,NewMedia0,348,5.76404,55476305432,0.50125,0.46703,5.49884,0.26520,12,1,0.49840,0.44519,1,0.36042,0.24815,0,,0.49840,0.44519,1,0.52478,0.54824,0,0.38620,0.54062,16.19134,0.98668,1,0.76772,0.55675,16.80569,0.98668,0,0,0.00000,14,3.65353,1,3.85757,0,0.00000,0,0.00000,0,0.00000,0,1,1,0,0.00000,0,,0.00000,0.00000,
1,NewMedia0,349,5.81879,55476852488,0.50091,0.46565,5.49884,0.31995,12,1,0.49534,0.44355,1,0.36042,0.24815,0,,0.49534,0.44355,1,0.52478,0.54824,0,0.38600,0.54042,15.97525,0.98668,1,0.76772,0.55675,16.80569,0.98668,0,0,0.00000,14,3.72622,1,3.85757,0,0.00000,0,0.00000,0,0.00000,0,1,1,0,0.00000,0,,0.00000,0.00000,
1,NewMedia0,350,5.82092,55476874328,0.50144,0.46635,5.49884,0.32208,12,1,0.51058,0.47826,1,0.36042,0.24815,0,,0.49534,0.44355,1,0.52582,0.51296,1,0.38607,0.54028,16.22961,0.98668,1,0.77039,0.55259,16.46255,0.98668,1,0,0.00000,14,3.72510,1,3.70767,1,0.00000,0,0.00000,0,0.00000,0,1,1,0,0.00000,0,,0.00000,0.00000,
1,NewMedia0,351,5.83124,55476977157,0.50198,0.46833,5.49884,0.33240,12,1,0.51172,0.50397,1,0.36042,0.24815,0,,0.50540,0.47407,1,0.51804,0.53388,1,0.38608,0.54014,16.20230,0.98668,1,0.77025,0.55195,16.18313,0.98668,1,0,0.00000,14,3.77916,1,3.74506,1,0.00000,0,0.00000,0,0.00000,0,1,1,0,0.00000,0,,0.00000,0.00000,
1,NewMedia0,352,5.83252,55476990269,0.50227,0.46721,5.49884,0.33368,12,1,0.50761,0.44596,1,0.36042,0.24815,0,,0.49585,0.45416,1,0.51937,0.43776,1,0.38612,0.53965,16.25592,0.98668,1,0.77023,0.55159,16.47230,0.98668,1,0,0.00000,14,3.73400,1,3.73907,1,0.00000,0,0.00000,0,0.00000,0,1,1,0,0.00000,0,,0.00000,0.00000,
1,NewMedia0,353,5.83826,55477047246,0.50255,0.46667,5.49884,0.33942,12,1,0.50824,0.45597,1,0.36042,0.24815,0,,0.49732,0.46477,1,0.51916,0.44718,1,0.38645,0.53925,16.08207,0.97887,1,0.77044,0.55072,16.87024,0.97887,1,0,0.00000,14,3.72431,1,3.72782,1,0.00000,0,0.00000,0,0.00000,0,1,1,0,0.00000,0,,0.00000,0.00000,
1,NewMedia0,354,5.88568,55477521776,0.50332,0.46761,5.49884,0.38684,12,1,0.51957,0.48729,1,0.36042,0.24815,0,,0.52419,0.46079,1,0.51495,0.51380,1,0.38653,0.53954,16.05474,0.97106,1,0.77016,0.55142,16.66768,0.97106,1,0,0.00000,13,3.79323,1,3.82400,1,0.00000,0,0.00000,0,0.00000,0,1,1,0,0.00000,0,,0.00000,0.00000,
1,NewMedia0,355,5.89380,55477602973,0.50505,0.46866,5.49884,0.39496,12,1,0.54299,0.49168,1,0.36042,0.24815,0,,0.53418,0.49442,1,0.55181,0.48894,1,0.38652,0.53874,16.18816,0.96324,1,0.77051,0.55133,16.92384,0.96324,1,0,0.00000,13,3.63727,1,3.79588,1,0.00000,0,0.00000,0,0.00000,0,1,1,0,0.00000,0,,0.00000,0.00000,
1,NewMedia0,356,5.89862,55477650943,0.50664,0.47022,5.49884,0.39978,12,1,0.54315,0.50614,1,0.36042,0.24815,0,,0.53541,0.50503,1,0.55088,0.50725,1,0.38659,0.53900,16.38217,0.95543,1,0.77069,0.55109,16.87472,0.94783,1,0,0.00000,13,3.66490,1,3.78740,1,0.00000,0,0.00000,0,0.00000,0,1,1,0,0.00000,0,,0.00000,0.00000,
1,NewMedia0,357,5.90472,55477711903,0.50667,0.47026,5.49884,0.40588,12,1,0.50750,0.47132,1,0.36042,0.24815,0,,0.48624,0.48810,1,0.52877,0.45454,1,0.38666,0.53889,16.53902,0.94783,1,0.77081,0.55085,16.83158,0.94022,1,0,0.00000,13,3.66454,1,3.76478,1,0.00000,0,0.00000,0,0.00000,0,1,1,0,0.00000,0,,0.00000,0.00000,
1,NewMedia0,358,5.93768,55478041669,0.50670,0.46982,5.49884,0.43884,12,1,0.50743,0.45885,1,0.36042,0.24815,0,,0.50649,0.48078,1,0.50836,0.43692,1,0.38657,0.53854,16.56723,0.94022,1,0.77097,0.55070,16.97463,0.93262,1,0,0.00000,13,3.72854,1,3.79764,1,0.00000,0,0.00000,0,0.00000,0,1,1,0,0.00000,0,,0.00000,0.00000,
1,NewMedia0,359,5.93933,55478058112,0.50675,0.46962,5.49884,0.44049,12,1,0.50814,0.46417,1,0.36042,0.24815,0,,0.50792,0.49142,1,0.50836,0.43692,1,0.38678,0.53873,16.87156,0.93262,1,0.77137,0.55070,16.86003,0.93262,1,0,0.00000,13,3.70639,1,3.78301,1,0.00000,0,0.00000,0,0.00000,0,1,1,0,0.00000,0,,0.00000,0.00000,
1,NewMedia0,360,5.95276,55478192447,0.50731,0.47064,5.49884,0.45392,12,1,0.52242,0.49818,1,0.36042,0.24815,0,,0.51285,0.46662,1,0.53199,0.52974,1,0.38675,0.53869,16.85887,0.93262,1,0.77150,0.55060,16.91518,0.94022,1,0,0.00000,13,3.70191,1,3.77987,1,0.00000,0,0.00000,0,0.00000,0,1,1,0,0.00000,0,,0.00000,0.00000,
1,NewMedia0,361,5.97412,55478405930,0.50715,0.47088,5.49884,0.47528,12,1,0.50254,0.47773,1,0.36042,0.24815,0,,0.51248,0.45811,1,0.49259,0.49736,1,0.38694,0.53864,16.91619,0.94022,1,0.77173,0.55047,17.13870,0.94783,1,0,0.00000,13,3.72376,1,3.78384,1,0.00000,0,0.00000,0,0.00000,0,1,1,0,0.00000,0,,0.00000,0.00000,
1,NewMedia0,362,6.02264,55478891247,0.50695,0.47044,5.49884,0.52380,12,1,0.50113,0.45761,1,0.36042,0.24815,0,,0.50967,0.43614,1,0.49259,0.47908,1,0.38702,0.53847,16.96164,0.95564,1,0.77176,0.55039,17.27404,0.96324,1,0,0.00000,13,3.73351,1,3.80351,1,0.00000,0,0.00000,0,0.00000,0,1,1,0,0.00000,0,,0.00000,0.00000,
1,NewMedia0,364,6.03625,55479027632,0.50809,0.46807,5.49884,0.53741,12,1,0.50895,0.44091,1,0.36042,0.24815,0,,0.48631,0.41373,1,0.53158,0.46810,1,0.38731,0.53845,16.86229,0.97887,1,0.77210,0.55072,17.18732,0.97887,1,0,0.00000,13,3.72221,1,3.84767,1,0.00000,0,0.00000,0,0.00000,0,1,1,0,0.00000,0,,0.00000,0.00000,
1,NewMedia0,365,6.04126,55479077601,0.50809,0.46708,5.49884,0.54242,12,1,0.50818,0.43529,1,0.36042,0.24815,0,,0.48476,0.40273,1,0.53159,0.46785,1,0.38723,0.53841,17.01211,0.98668,1,0.77235,0.55066,17.22413,0.97908,1,0,0.00000,13,3.73060,1,3.79887,1,0.00000,0,0.00000,0,0.00000,0,1,1,0,0.00000,0,,0.00000,0.00000,
1,NewMedia0,366,6.05359,55479200483,0.50837,0.46653,5.49884,0.55475,12,1,0.51741,0.44841,1,0.36042,0.24815,0,,0.49850,0.49081,1,0.53632,0.40600,1,0.38753,0.53819,16.75134,0.97908,1,0.77247,0.55037,17.18226,0.97147,1,0,0.00000,13,3.76210,1,3.82821,1,0.00000,0,0.00000,0,0.00000,0,1,1,0,0.00000,0,,0.00000,0.00000,
1,NewMedia0,367,6.06775,55479342415,0.50864,0.46672,5.49884,0.56891,12,1,0.51787,0.47322,1,0.36042,0.24815,0,,0.49330,0.48628,1,0.54244,0.46017,1,0.38737,0.53780,16.78732,0.97147,1,0.77260,0.55049,17.43978,0.96387,1,0,0.00000,13,3.76622,1,3.84169,1,0.00000,0,0.00000,0,0.00000,0,1,1,0,0.00000,0,,0.00000,0.00000,
1,NewMedia0,368,6.10645,55479729311,0.50893,0.46732,5.49884,0.60760,12,1,0.51916,0.48834,1,0.36042,0.24815,0,,0.49628,0.50702,1,0.54204,0.46967,1,0.38742,0.53795,16.87849,0.95606,1,0.77274,0.55039,17.33127,0.95606,1,0,0.00000,13,3.78092,1,3.89011,1,0.00000,0,0.00000,0,0.00000,0,1,1,0,0.00000,0,,0.00000,0.00000,
1,NewMedia0,369,6.11389,55479803911,0.50972,0.46888,5.49884,0.61505,12,1,0.53802,0.52499,1,0.36042,0.24815,0,,0.51562,0.59006,1,0.56042,0.45993,1,0.38742,0.53795,16.87849,0.94824,1,0.77272,0.55015,17.29916,0.95585,1,0,0.00000,13,3.78116,1,3.94171,1,0.00000,0,0.00000,0,0.00000,0,1,1,0,0.00000,0,,0.00000,0.00000,
1,NewMedia0,370,6.15411,55480206184,0.51054,0.46937,5.49884,0.65527,12,1,0.54110,0.48740,1,0.36042,0.24815,0,,0.51084,0.56994,1,0.57136,0.40487,1,0.38738,0.53785,16.92761,0.94804,1,0.77284,0.55014,17.23082,0.95564,1,0,0.00000,13,3.74205,1,3.93396,1,0.00000,0,0.00000,0,0.00000,0,1,1,0,0.00000,0,,0.00000,0.00000,
1,NewMedia0,371,6.16187,55480283760,0.51131,0.46971,5.49884,0.66302,12,1,0.54041,0.48249,1,0.36042,0.24815,0,,0.50946,0.56010,1,0.57136,0.40487,1,0.38752,0.53697,16.84032,0.95564,1,0.77273,0.54968,17.45041,0.95564,1,0,0.00000,13,3.83354,1,3.84883,1,0.00000,0,0.00000,0,0.00000,0,1,1,0,0.00000,0,,0.00000,0.00000,
1,NewMedia0,372,6.16339,55480298669,0.51165,0.47121,5.49884,0.66455,12,1,0.52507,0.52970,1,0.36042,0.24815,0,,0.52193,0.56401,1,0.52821,0.49539,1,0.38749,0.53792,17.05709,0.96345,1,0.77278,0.55009,17.17856,0.95585,1,0,0.00000,13,3.74419,1,3.86172,1,0.00000,0,0.00000,0,0.00000,0,1,1,0,0.00000,0,,0.00000,0.00000,
1,NewMedia0,373,6.16852,55480349910,0.51186,0.47294,5.49884,0.66968,12,1,0.52025,0.54228,1,0.36042,0.24815,0,,0.52425,0.59850,1,0.51625,0.48606,1,0.38735,0.53775,17.14264,0.96366,1,0.77271,0.54980,17.29031,0.95606,1,0,0.00000,13,3.82679,1,3.89150,1,0.00000,0,0.00000,0,0.00000,0,1,1,0,0.00000,0,,0.00000,0.00000,
1,NewMedia0,374,6.18689,55480533915,0.51205,0.47433,5.49884,0.68805,12,1,0.51960,0.53115,1,0.36042,0.24815,0,,0.52273,0.58713,1,0.51647,0.47517,1,0.38730,0.53797,17.20115,0.97280,1,0.77275,0.55030,17.23404,0.96519,1,0,0.00000,13,3.78840,1,3.91287,1,0.00000,0,0.00000,0,0.00000,0,1,1,0,0.00000,0,,0.00000,0.00000,
1,NewMedia0,375,6.22437,55480908547,0.51206,0.47518,5.49884,0.72552,12,1,0.51240,0.51123,1,0.36042,0.24815,0,,0.47822,0.52418,1,0.54658,0.49829,1,0.38705,0.53762,17.13387,0.97412,1,0.77268,0.54977,17.46998,0.97412,1,0,0.00000,13,3.81851,1,3.88337,1,0.00000,0,0.00000,0,0.00000,0,1,1,0,0.00000,0,,0.00000,0.00000,
1,NewMedia0,376,6.24573,55481122398,0.51222,0.47629,5.49884,0.74689,12,1,0.51948,0.52398,1,0.36042,0.24815,0,,0.50553,0.51704,1,0.53344,0.53092,1,0.38693,0.53767,17.30716,0.98305,1,0.77253,0.54976,17.51553,0.98305,1,0,0.00000,13,3.83255,1,3.93811,1,0.00000,0,0.00000,0,0.00000,0,1,1,0,0.00000,0,,23.97005,330.25980,
1,NewMedia0,378,6.24915,55481156446,0.52337,0.53336,5.49884,0.74689,12,0,0.52248,0.56069,1,0.36042,0.24815,0,,0.49973,0.56071,1,0.54524,0.56066,1,0.38630,0.53665,16.83065,0.96610,1,0.77213,0.54905,17.29381,0.97370,1,0,0.00000,13,3.80943,1,4.04153,1,0.00000,0,0.00000,0,0.00000,0,1,1,0,0.00000,0,,0.00000,0.00000,
1,NewMedia0,379,6.27698,55481434574,0.53017,0.53612,5.49884,0.74689,12,0,0.54379,0.54165,1,0.36042,0.24815,0,,0.52080,0.53066,1,0.56679,0.55264,1,0.38614,0.53677,16.75918,0.95696,1,0.77162,0.54890,17.11048,0.96457,1,0,0.00000,13,3.88945,1,3.91675,1,0.00000,0,0.00000,0,0.00000,0,1,1,0,0.00000,0,,0.00000,0.00000,
1,NewMedia0,380,6.28168,55481481534,0.53352,0.53897,6.24744,0.03424,13,1,0.54357,0.54753,1,0.36042,0.24815,0,,0.52102,0.53241,1,0.56611,0.56265,1,0.38576,0.53751,16.95975,0.95564,1,0.77147,0.54873,17.25281,0.95564,1,0,0.00000,13,3.84793,1,3.98720,1,0.00000,0,0.00000,0,0.00000,0,1,1,0,0.00000,0,,0.00000,0.00000,
1,NewMedia0,381,6.30499,55481715080,0.53302,0.54615,6.24744,0.05756,13,1,0.53103,0.57487,1,0.36042,0.24815,0,,0.52677,0.56131,1,0.53529,0.58842,1,0.38525,0.53742,17.12184,0.96345,1,0.77123,0.54879,17.12816,0.95585,1,0,0.00000,13,3.85255,1,3.96507,1,0.00000,0,0.00000,0,0.00000,0,1,1,0,0.00000,0,,0.00000,0.00000,
1,NewMedia0,382,6.33276,55481992766,0.53344,0.55087,6.24744,0.08533,13,1,0.53550,0.57446,1,0.36042,0.24815,0,,0.50848,0.59650,1,0.56252,0.55242,1,0.38473,0.53797,17.18988,0.96366,1,0.77109,0.54935,17.69040,0.95606,1,0,0.00000,13,3.77845,1,3.97001,1,0.00000,0,0.00000,0,0.00000,0,1,1,0,0.00000,0,,0.00000,0.00000,
1,NewMedia0,383,6.33514,55482016406,0.53377,0.55359,6.24744,0.08771,13,1,0.53576,0.56991,1,0.36042,0.24815,0,,0.50844,0.59624,1,0.56308,0.54359,1,0.38438,0.53763,17.17555,0.96387,1,0.77075,0.54928,17.66615,0.96387,1,0,0.00000,13,3.80818,1,4.01181,1,0.00000,0,0.00000,0,0.00000,0,1,1,0,0.00000,0,,0.00000,0.00000,
1,NewMedia0,384,6.35583,55482223507,0.53209,0.54578,6.24744,0.10840,13,1,0.52037,0.49113,1,0.36042,0.24815,0,,0.51499,0.52674,1,0.52575,0.45553,1,0.38434,0.53762,17.19186,0.96387,1,0.77035,0.54947,17.93221,0.97147,1,0,0.00000,13,3.82593,1,3.93409,1,0.00000,0,0.00000,0,0.00000,0,1,1,0,0.00000,0,,0.00000,0.00000,
1,NewMedia0,385,6.38330,55482498122,0.52960,0.54086,6.24744,0.13586,13,1,0.50966,0.50150,1,0.36042,0.24815,0,,0.50540,0.52174,1,0.51393,0.48127,1,0.38435,0.53768,17.25272,0.97147,1,0.77006,0.54910,17.98177,0.97908,1,0,0.00000,13,3.82329,1,3.99144,1,0.00000,0,0.00000,0,0.00000,0,1,1,0,0.00000,0,,0.00000,0.00000,
1,NewMedia0,386,6.38470,55482512050,0.52761,0.53695,6.24744,0.13727,13,1,0.50968,0.50176,1,0.36042,0.24815,0,,0.50544,0.52201,1,0.51392,0.48151,1,0.38398,0.53791,16.89351,0.97126,1,0.77003,0.54952,18.01708,0.97887,1,0,0.00000,13,3.80121,1,3.99171,1,0.00000,0,0.00000,0,0.00000,0,1,1,0,0.00000,0,,0.00000,0.00000,
1,NewMedia0,387,6.39685,55482633193,0.52737,0.53246,6.24744,0.14941,13,1,0.52498,0.48755,1,0.36042,0.24815,0,,0.50326,0.50037,1,0.54671,0.47473,1,0.38371,0.53811,17.19973,0.97106,1,0.76973,0.54976,18.15269,0.97106,1,0,0.00000,13,3.78104,1,4.02211,1,0.00000,0,0.00000,0,0.00000,0,1,1,0,0.00000,0,,0.00000,0.00000,
1,NewMedia0,388,6.43396,55483004581,0.52595,0.53042,6.24744,0.18652,13,1,0.51031,0.50795,1,0.36042,0.24815,0,,0.50325,0.51243,1,0.51736,0.50347,1,0.38349,0.53803,17.18723,0.96324,1,0.76965,0.54966,18.32479,0.96324,1,0,0.00000,13,3.81218,1,4.00247,1,0.00000,0,0.00000,0,0.00000,0,1,1,0,0.00000,0,,0.00000,0.00000,
1,NewMedia0,389,6.43640,55483029008,0.52475,0.52869,6.24744,0.18896,13,1,0.51031,0.50795,1,0.36042,0.24815,0,,0.50325,0.51243,1,0.51736,0.50347,1,0.38322,0.53819,17.13376,0.96324,1,0.76950,0.54965,17.94252,0.96324,1,0,0.00000,13,3.84046,1,4.04081,1,0.00000,0,0.00000,0,0.00000,0,1,1,0,0.00000,0,,0.00000,0.00000,
1,NewMedia0,390,6.46667,55483331853,0.52507,0.52665,6.24744,0.21924,13,1,0.52936,0.50019,1,0.36042,0.24815,0,,0.48660,0.55499,1,0.57212,0.44540,1,0.38321,0.53816,17.10352,0.97106,1,0.76949,0.54973,18.02424,0.97106,1,0,0.00000,13,3.84719,1,4.03711,1,0.00000,0,0.00000,0,0.00000,0,1,1,0,0.00000,0,,0.00000,0.00000,
1,NewMedia0,391,6.46912,55483355733,0.52502,0.52636,6.24744,0.22168,13,1,0.52423,0.52227,1,0.36042,0.24815,0,,0.48565,0.54345,1,0.56281,0.50109,1,0.38315,0.53814,17.24449,0.97887,1,0.76946,0.54971,18.05612,0.97887,1,0,0.00000,13,3.85027,1,4.05556,1,0.00000,0,0.00000,0,0.00000,0,1,1,0,0.00000,0,,0.00000,0.00000,
1,NewMedia0,392,6.50409,55483705853,0.52496,0.52520,6.24744,0.25665,13,1,0.52404,0.50773,1,0.36042,0.24815,0,,0.48410,0.53350,1,0.56397,0.48196,1,0.38320,0.53833,17.40991,0.98668,1,0.76947,0.54979,18.10798,0.99537,1,0,0.00000,13,3.85436,1,4.06969,1,0.00000,0,0.00000,0,0.00000,0,1,1,0,0.00000,0,,0.00000,0.00000,
1,NewMedia0,393,6.50562,55483720710,0.52480,0.52328,6.24744,0.25818,13,1,0.52225,0.49258,1,0.36042,0.24815,0,,0.48543,0.51691,1,0.55906,0.46826,1,0.38311,0.53890,17.51407,0.99537,1,0.76958,0.54990,17.92104,1.00406,1,0,0.00000,13,3.94030,1,4.13293,1,0.00000,0,0.00000,0,0.00000,0,1,1,0,0.00000,0,,0.00000,0.00000,
1,NewMedia0,394,6.51160,55483780979,0.52457,0.52116,6.24744,0.26416,13,1,0.52063,0.48514,1,0.36042,0.24815,0,,0.47671,0.49016,1,0.56455,0.48013,1,0.38315,0.53840,17.37367,1.00406,1,0.76953,0.54991,18.03350,1.01275,1,0,0.00000,13,3.88661,1,4.12018,1,0.00000,0,0.00000,0,0.00000,0,1,1,0,0.00000,0,,0.00000,0.00000,
1,NewMedia0,395,6.53571,55484022143,0.52430,0.51920,6.24744,0.28827,13,1,0.51949,0.48386,1,0.36042,0.24815,0,,0.47496,0.47892,1,0.56402,0.48880,1,0.38305,0.53811,17.42753,1.01275,1,0.76947,0.54990,18.06471,1.00515,1,0,0.00000,13,3.92278,1,4.11383,1,0.00000,0,0.00000,0,0.00000,0,1,1,0,0.00000,0,,0.00000,0.00000,
1,NewMedia0,396,6.56372,55484301923,0.52425,0.51857,6.24744,0.31628,13,1,0.52342,0.50673,1,0.36042,0.24815,0,,0.48223,0.51187,1,0.56460,0.50159,1,0.38305,0.53811,17.42753,1.00515,1,0.76946,0.54998,17.95274,0.98885,1,0,0.00000,13,3.92294,1,4.11903,1,0.00000,0,0.00000,0,0.00000,0,1,1,0,0.00000,0,,0.00000,0.00000,
1,NewMedia0,397,6.56525,55484317445,0.52432,0.51631,6.24744,0.31781,13,1,0.52568,0.47098,1,0.36042,0.24815,0,,0.51437,0.50793,1,0.53699,0.43402,1,0.38299,0.53816,17.40618,0.98885,1,0.76941,0.54998,17.91485,0.97256,1,0,0.00000,13,3.94796,1,4.15090,1,0.00000,0,0.00000,0,0.00000,0,1,1,0,0.00000,0,,0.00000,0.00000,
1,NewMedia0,398,6.58527,55484517362,0.52446,0.51542,6.24744,0.33783,13,1,0.52737,0.49685,1,0.36042,0.24815,0,,0.51850,0.53938,1,0.53625,0.45433,1,0.38299,0.53814,17.41267,0.96475,1,0.76947,0.54995,18.03356,0.95606,1,0,0.00000,13,3.94843,1,4.14885,1,0.00000,0,0.00000,0,0.00000,0,1,1,0,0.00000,0,,0.00000,0.00000,
1,NewMedia0,399,6.60461,55484711192,0.52445,0.51625,6.24744,0.35718,13,1,0.52414,0.53441,1,0.36042,0.24815,0,,0.50680,0.55576,1,0.54148,0.51306,1,0.38297,0.53824,17.51956,0.94824,1,0.76928,0.54991,17.93388,0.95585,1,0,0.00000,13,3.93758,1,4.09558,1,0.00000,0,0.00000,0,0.00000,0,1,1,0,0.00000,0,,0.00000,0.00000,
1,NewMedia0,400,6.62299,55484894656,0.52522,0.51862,6.24744,0.37555,13,1,0.54299,0.57321,1,0.36042,0.24815,0,,0.50716,0.60388,1,0.57881,0.54254,1,0.38299,0.53820,17.42567,0.94804,1,0.76919,0.54989,17.85382,0.95564,1,0,0.00000,13,3.95437,1,4.14687,1,0.00000,0,0.00000,0,0.00000,0,1,1,0,0.00000,0,,0.00000,0.00000,
1,NewMedia0,401,6.62714,55484936307,0.52593,0.52082,6.24744,0.37970,13,1,0.54300,0.57346,1,0.36042,0.24815,0,,0.50720,0.60414,1,0.57879,0.54278,1,0.38266,0.53833,17.20457,0.94783,1,0.76916,0.54962,17.73824,0.95543,1,0,0.00000,13,3.98223,1,4.15344,1,0.00000,0,0.00000,0,0.00000,0,1,1,0,0.00000,0,,0.00000,0.00000,
1,NewMedia0,402,6.66730,55485337964,0.52621,0.52060,6.24744,0.41986,13,1,0.53331,0.51514,1,0.36042,0.24815,0,,0.49520,0.47322,1,0.57141,0.55707,1,0.38263,0.53838,17.08363,0.95543,1,0.76905,0.54967,17.50342,0.95543,1,0,0.00000,13,3.99455,1,4.18503,1,0.00000,0,0.00000,0,0.00000,0,1,1,0,0.00000,0,,0.00000,0.00000,
1,NewMedia0,403,6.69110,55485575846,0.52647,0.52055,6.24744,0.44366,13,1,0.53300,0.51943,1,0.36042,0.24815,0,,0.49520,0.47322,1,0.57079,0.56565,1,0.38277,0.53874,17.54160,0.95543,1,0.76888,0.55000,17.92651,0.94783,1,0,0.00000,13,3.94621,1,4.13218,1,0.00000,0,0.00000,0,0.00000,0,1,1,0,0.00000,0,,0.00000,0.00000,
1,NewMedia0,404,6.72296,55485894324,0.52628,0.52113,6.24744,0.47552,13,1,0.52123,0.53659,1,0.36042,0.24815,0,,0.48350,0.51605,1,0.55896,0.55714,1,0.38251,0.53844,17.10572,0.94783,1,0.76888,0.54999,17.91386,0.94022,1,0,0.00000,13,4.01561,1,4.13317,1,0.00000,0,0.00000,0,0.00000,0,1,1,0,0.00000,0,,0.00000,0.00000,
1,NewMedia0,405,6.73834,55486048299,0.52644,0.52218,6.24744,0.49091,13,1,0.53110,0.55165,1,0.36042,0.24815,0,,0.49142,0.57162,1,0.57078,0.53169,1,0.38259,0.53894,17.60252,0.94022,1,0.76900,0.55068,18.39729,0.93262,1,0,0.00000,13,4.00647,1,4.13049,1,0.00000,0,0.00000,0,0.00000,0,1,1,0,0.00000,0,,0.00000,0.00000,
1,NewMedia0,406,6.74316,55486096313,0.52660,0.52315,6.24744,0.49573,13,1,0.53109,0.55140,1,0.36042,0.24815,0,,0.49138,0.57135,1,0.57080,0.53144,1,0.38241,0.53913,17.82246,0.94043,1,0.76893,0.55081,18.61084,0.93283,1,0,0.00000,13,3.96578,1,4.12833,1,0.00000,0,0.00000,0,0.00000,0,1,1,0,0.00000,0,,0.00000,0.00000,
1,NewMedia0,407,6.74457,55486110370,0.52673,0.52489,6.24744,0.49713,13,1,0.53065,0.57708,1,0.36042,0.24815,0,,0.49852,0.58350,1,0.56279,0.57067,1,0.38253,0.53909,17.43066,0.94064,1,0.76898,0.55081,18.34280,0.94064,1,0,0.00000,13,4.04400,1,4.13640,1,0.00000,0,0.00000,0,0.00000,0,1,1,0,0.00000,0,,0.00000,0.00000,
1,NewMedia0,408,6.76007,55486265357,0.52666,0.52638,6.24744,0.51263,13,1,0.52463,0.57240,1,0.36042,0.24815,0,,0.49003,0.60787,1,0.55924,0.53694,1,0.38249,0.53931,17.54370,0.94845,1,0.76907,0.55073,18.13510,0.94845,1,0,0.00000,13,4.03578,1,4.17363,1,0.00000,0,0.00000,0,0.00000,0,1,1,0,0.00000,0,,0.00000,0.00000,
1,NewMedia0,409,6.80206,55486685187,0.52660,0.52736,6.24744,0.55463,13,1,0.52438,0.55862,1,0.36042,0.24815,0,,0.48846,0.59812,1,0.56030,0.51911,1,0.38259,0.53978,17.29989,0.95626,1,0.76901,0.55092,18.15841,0.96387,1,0,0.00000,13,4.04746,1,4.23381,1,0.00000,0,0.00000,0,0.00000,0,1,1,0,0.00000,0,,0.00000,0.00000,
1,NewMedia0,410,6.80377,55486702726,0.52718,0.52792,6.24744,0.55634,13,1,0.54641,0.54655,1,0.36042,0.24815,0,,0.52363,0.53008,1,0.56919,0.56303,1,0.38252,0.53980,17.37157,0.96387,1,0.76897,0.55090,18.27680,0.97147,1,0,0.00000,13,4.01893,1,4.23890,1,0.00000,0,0.00000,0,0.00000,0,1,1,0,0.00000,0,,0.00000,0.00000,
1,NewMedia0,411,6.81842,55486848992,0.52781,0.52810,6.24744,0.57098,13,1,0.54931,0.53436,1,0.36042,0.24815,0,,0.52168,0.52474,1,0.57694,0.54398,1,0.38244,0.53992,17.50993,0.97147,1,0.76897,0.55092,18.23255,0.97908,1,0,0.00000,12,4.01573,1,4.23590,1,0.00000,0,0.00000,0,0.00000,0,1,1,0,0.00000,0,,0.00000,0.00000,
1,NewMedia0,412,6.84381,55487102849,0.52840,0.52840,6.24744,0.59637,13,1,0.54900,0.53886,1,0.36042,0.24815,0,,0.52171,0.52502,1,0.57628,0.55270,1,0.38238,0.54063,18.02495,0.97126,1,0.76894,0.55176,18.37040,0.97126,1,0,0.00000,12,4.06474,1,4.20409,1,0.00000,0,0.00000,0,0.00000,0,1,1,0,0.00000,0,,0.00000,0.00000,
1,NewMedia0,413,6.85657,55487230564,0.52805,0.52766,6.24744,0.60913,13,1,0.51565,0.50084,1,0.36042,0.24815,0,,0.46569,0.49007,1,0.56561,0.51162,1,0.38237,0.54055,17.29427,0.96345,1,0.76890,0.55166,18.39374,0.95585,1,0,0.00000,12,4.06871,1,4.17657,1,0.00000,0,0.00000,0,0.00000,0,1,1,0,0.00000,0,,0.00000,0.00000,
1,NewMedia0,414,6.85992,55487263972,0.52746,0.52776,6.24744,0.61249,13,1,0.50555,0.53147,1,0.36042,0.24815,0,,0.47966,0.51408,1,0.53144,0.54887,1,0.38230,0.54049,17.28290,0.94804,1,0.76888,0.55169,18.35264,0.94043,1,0,0.00000,12,4.11080,1,4.20736,1,0.00000,0,0.00000,0,0.00000,0,1,1,0,0.00000,0,,0.00000,0.00000,
1,NewMedia0,415,6.87323,55487396960,0.52692,0.52810,6.24744,0.62579,13,1,0.50619,0.54095,1,0.36042,0.24815,0,,0.48125,0.52431,1,0.53113,0.55759,1,0.38218,0.54038,17.24080,0.94043,1,0.76901,0.55174,18.22652,0.93283,1,0,0.00000,12,4.10623,1,4.30272,1,0.00000,0,0.00000,0,0.00000,0,1,1,0,0.00000,0,,0.00000,0.00000,
1,NewMedia0,416,6.89221,55487587049,0.52701,0.52975,6.24744,0.64478,13,1,0.53072,0.59435,1,0.36042,0.24815,0,,0.52613,0.62886,1,0.53532,0.55983,1,0.38236,0.54043,17.23763,0.94064,1,0.76928,0.55177,18.25108,0.94064,1,0,0.00000,12,4.07121,1,4.21337,1,0.00000,0,0.00000,0,0.00000,0,1,1,0,0.00000,0,,0.00000,0.00000,
1,NewMedia0,417,6.93396,55488004456,0.52693,0.52983,6.24744,0.68652,13,1,0.52363,0.53292,1,0.36042,0.24815,0,,0.49379,0.51422,1,0.55347,0.55163,1,0.38241,0.54046,17.17908,0.94845,1,0.76933,0.55186,18.23482,0.94845,1,0,0.00000,12,4.06692,1,4.22294,1,0.00000,0,0.00000,0,0.00000,0,1,1,0,0.00000,0,,0.00000,0.00000,
1,NewMedia0,418,6.93890,55488054042,0.52685,0.52990,6.24744,0.69147,13,1,0.52363,0.53292,1,0.36042,0.24815,0,,0.49379,0.51422,1,0.55347,0.55163,1,0.38252,0.54033,17.20091,0.94845,1,0.76930,0.55193,18.24678,0.94845,1,0,0.00000,12,4.04712,1,4.26003,1,0.00000,0,0.00000,0,0.00000,0,1,1,0,0.00000,0,,0.00000,0.00000,
1,NewMedia0,419,6.94037,55488068257,0.52711,0.52989,6.24744,0.69293,13,1,0.53808,0.52936,1,0.36042,0.24815,0,,0.50625,0.49989,1,0.56992,0.55883,1,0.38272,0.54019,17.17425,0.94064,1,0.76957,0.55175,18.63301,0.94064,1,0,0.00000,12,4.07782,1,4.28978,1,0.00000,0,0.00000,0,0.00000,0,1,1,0,0.00000,0,,0.00000,0.00000,
1,NewMedia0,420,6.98010,55488465727,0.52713,0.52993,6.24744,0.73267,13,1,0.52788,0.53151,1,0.36042,0.24815,0,,0.52011,0.49790,1,0.53565,0.56512,1,0.38270,0.54045,17.91831,0.93283,1,0.76954,0.55182,18.75319,0.93283,1,0,0.00000,12,4.06513,1,4.26316,1,0.00000,0,0.00000,0,0.00000,0,1,1,0,0.00000,0,,0.00000,0.00000,
1,NewMedia0,421,6.98486,55488513739,0.52715,0.52987,6.24744,0.73743,13,1,0.52805,0.52718,1,0.36042,0.24815,0,,0.52011,0.49790,1,0.53600,0.55646,1,0.38294,0.54013,17.51053,0.93283,1,0.76996,0.55228,18.84770,0.94043,1,0,0.00000,12,4.07443,1,4.30214,1,0.00000,0,0.00000,0,0.00000,0,1,1,0,0.00000,0,,0.00000,0.00000,
1,NewMedia0,422,6.98773,55488542034,0.52713,0.53102,6.24744,0.74030,13,1,0.52643,0.58312,1,0.36042,0.24815,0,,0.49803,0.55509,1,0.55484,0.61115,1,0.38316,0.53971,17.99224,0.94824,1,0.77014,0.55237,18.75827,0.95585,1,0,0.00000,12,4.03166,1,4.34529,1,0.00000,0,0.00000,0,0.00000,0,1,1,0,0.00000,0,,0.00000,0.00000,
1,NewMedia0,423,7.02686,55488933454,0.52735,0.53086,6.24744,0.77942,13,1,0.53739,0.52342,1,0.36042,0.24815,0,,0.50573,0.56987,1,0.56906,0.47696,1,0.38327,0.54001,17.54198,0.96366,1,0.77030,0.55218,18.86357,0.97126,1,0,0.00000,12,4.09285,1,4.38228,1,0.00000,0,0.00000,0,0.00000,0,1,1,0,0.00000,0,,0.00000,0.00000,
1,NewMedia0,424,7.02832,55488948112,0.52754,0.53041,6.24744,0.78088,13,1,0.53629,0.50896,1,0.36042,0.24815,0,,0.50291,0.55028,1,0.56966,0.46763,1,0.38335,0.53988,17.67216,0.97908,1,0.77032,0.55198,18.90355,0.97908,1,0,0.00000,12,4.14004,1,4.41410,1,0.00000,0,0.00000,0,0.00000,0,1,1,0,0.00000,0,,0.00000,0.00000,
1,NewMedia0,425,7.03870,55489051715,0.52740,0.52987,6.24744,0.79126,13,1,0.51772,0.48032,1,0.36042,0.24815,0,,0.49585,0.50161,1,0.53960,0.45902,1,0.38339,0.53995,17.59401,0.97908,1,0.77066,0.55235,18.74562,0.97147,1,0,0.00000,12,4.09020,1,4.28022,1,0.00000,0,0.00000,0,0.00000,0,1,1,0,0.00000,0,,0.00000,0.00000,
1,NewMedia0,426,7.07312,55489396331,0.52735,0.52900,6.24744,0.82568,13,1,0.51982,0.51887,1,0.36042,0.24815,0,,0.50784,0.54475,1,0.53181,0.49299,1,0.38343,0.53999,17.58626,0.97147,1,0.77053,0.55200,18.66899,0.96387,1,0,0.00000,12,4.12102,1,4.40972,1,0.00000,0,0.00000,0,0.00000,0,1,1,0,0.00000,0,,0.00000,0.00000,
1,NewMedia0,427,7.07538,55489418417,0.52687,0.52883,6.24744,0.82794,13,1,0.52105,0.53340,1,0.36042,0.24815,0,,0.51061,0.56461,1,0.53149,0.50219,1,0.38342,0.53989,17.74957,0.95606,1,0.77066,0.55235,18.74562,0.95606,1,0,0.00000,12,4.11478,1,4.28057,1,0.00000,0,0.00000,0,0.00000,0,1,1,0,0.00000,0,,0.00000,0.00000,
1,NewMedia0,428,7.10181,55489683134,0.52666,0.52858,6.24744,0.85437,13,1,0.53320,0.53538,1,0.36042,0.24815,0,,0.50992,0.58332,1,0.55647,0.48745,1,0.38348,0.54010,17.52995,0.94824,1,0.77071,0.55244,18.73251,0.95585,1,0,0.00000,12,4.10333,1,4.31167,1,0.00000,0,0.00000,0,0.00000,0,1,1,0,0.00000,0,,0.00000,0.00000,
1,NewMedia0,429,7.10443,55489709255,0.52681,0.52776,6.24744,0.85699,13,1,0.53812,0.53565,1,0.36042,0.24815,0,,0.51625,0.57778,1,0.56000,0.49351,1,0.38348,0.54010,17.52995,0.94804,1,0.77088,0.55235,19.04327,0.95564,1,0,0.00000,12,4.10154,1,4.27949,1,0.00000,0,0.00000,0,0.00000,0,1,1,0,0.00000,0,,0.00000,0.00000,
1,NewMedia0,430,7.11932,55489858331,0.52685,0.52675,6.24744,0.87189,13,1,0.53772,0.52622,1,0.36042,0.24815,0,,0.51491,0.56800,1,0.56053,0.48443,1,0.38353,0.54015,17.48903,0.95564,1,0.77095,0.55239,19.05902,0.96324,1,0,0.00000,12,4.12793,1,4.29611,1,0.00000,0,0.00000,0,0.00000,0,1,1,0,0.00000,0,,0.00000,0.00000,
1,NewMedia0,431,7.16187,55490283389,0.52677,0.52566,6.24744,0.91443,13,1,0.53202,0.51753,1,0.36042,0.24815,0,,0.50578,0.55416,1,0.55827,0.48090,1,0.38369,0.54047,18.02882,0.97106,1,0.77103,0.55239,18.87449,0.97106,1,0,0.00000,12,4.10214,1,4.34064,1,0.00000,0,0.00000,0,0.00000,0,1,1,0,0.00000,0,,0.00000,0.00000,
1,NewMedia0,432,7.19989,55490663459,0.52701,0.52590,6.24744,0.95245,13,1,0.53186,0.50273,1,0.36042,0.24815,0,,0.50436,0.54418,1,0.55937,0.46129,1,0.38354,0.54052,18.12277,0.97887,1,0.77111,0.55210,18.60460,0.98756,1,0,0.00000,12,4.12002,1,4.32694,1,0.00000,0,0.00000,0,0.00000,0,1,1,0,0.00000,0,,0.00000,0.00000,
1,NewMedia0,433,7.20795,55490744489,0.52763,0.52542,6.24744,0.96051,13,1,0.53948,0.47841,1,0.36042,0.24815,0,,0.50835,0.51647,1,0.57061,0.44035,1,0.38353,0.53987,17.70231,0.99537,1,0.77114,0.55216,18.56764,1.00406,1,0,0.00000,12,4.15660,1,4.35730,1,0.00000,0,0.00000,0,0.00000,0,1,1,0,0.00000,0,,0.00000,0.00000,
1,NewMedia0,434,7.20996,55490764467,0.52830,0.52474,6.24744,0.96252,13,1,0.54162,0.46887,1,0.36042,0.24815,0,,0.50728,0.50483,1,0.57596,0.43291,1,0.38359,0.53986,17.67469,1.00406,1,0.77105,0.55203,18.47943,1.01275,1,0,0.00000,12,4.16763,1,4.40243,1,0.00000,0,0.00000,0,0.00000,0,1,1,0,0.00000,0,,0.00000,0.00000,
1,NewMedia0,435,7.22961,55490961112,0.52865,0.52433,6.24744,0.98218,13,1,0.54158,0.46778,1,0.36042,0.24815,0,,0.50712,0.50370,1,0.57603,0.43186,1,0.38368,0.53964,17.60487,1.00494,1,0.77130,0.55223,18.47497,1.01363,1,0,0.00000,12,4.17631,1,4.40776,1,0.00000,0,0.00000,0,0.00000,0,1,1,0,0.00000,0,,0.00000,0.00000,
1,NewMedia0,436,7.23511,55491016077,0.52895,0.52339,6.24744,0.98767,13,1,0.52502,0.46286,1,0.36042,0.24815,0,,0.46656,0.46754,1,0.58347,0.45818,1,0.38375,0.53949,17.66022,1.00582,1,0.77139,0.55210,18.72534,1.00582,1,0,0.00000,12,4.16204,1,4.39339,1,0.00000,0,0.00000,0,0.00000,0,1,1,0,0.00000,0,,0.00000,0.00000,
1,NewMedia0,437,7.28479,55491512729,0.52941,0.52240,6.24744,1.03735,13,1,0.53247,0.46046,1,0.36042,0.24815,0,,0.47559,0.48242,1,0.58935,0.43849,1,0.38374,0.53949,17.66375,0.99801,1,0.77144,0.55209,18.80289,0.99801,1,0,0.00000,12,4.17808,1,4.42285,1,0.00000,0,0.00000,0,0.00000,0,1,1,0,0.00000,0,,59.74310,303.53491,
1,NewMedia0,438,7.29663,55491631181,0.53382,0.49663,6.24744,1.03735,13,0,0.53169,0.47028,1,0.36042,0.24815,0,,0.47559,0.48242,1,0.58779,0.45814,1,0.38374,0.53963,17.84914,0.99801,1,0.77142,0.55196,18.75393,0.98171,1,0,0.00000,12,4.13939,1,4.45189,1,0.00000,0,0.00000,0,0.00000,0,1,1,0,0.00000,0,,0.00000,0.00000,
1,NewMedia0,439,7.29810,55491645566,0.53078,0.49393,6.24744,1.03735,13,0,0.52773,0.49124,1,0.36042,0.24815,0,,0.49217,0.52776,1,0.56330,0.45472,1,0.38399,0.53938,17.84708,0.98952,1,0.77155,0.55182,18.83248,0.97323,1,0,0.00000,12,4.15550,1,4.43293,1,0.00000,0,0.00000,0,0.00000,0,1,1,0,0.00000,0,,0.00000,0.00000,
1,NewMedia0,440,7.30121,55491676730,0.52790,0.50100,6.24744,1.03735,13,0,0.52215,0.51513,1,0.36042,0.24815,0,,0.48781,0.54027,1,0.55650,0.49000,1,0.38391,0.53934,17.85343,0.98104,1,0.77160,0.55185,18.82707,0.96475,1,0,0.00000,12,4.14534,1,4.44848,1,0.00000,0,0.00000,0,0.00000,0,1,1,0,0.00000,0,,0.00000,0.00000,
1,NewMedia0,441,7.32941,55491959114,0.52660,0.50714,7.29663,0.03278,14,1,0.52271,0.52557,1,0.36042,0.24815,0,,0.48947,0.55109,1,0.55595,0.50006,1,0.38396,0.53930,17.85045,0.97256,1,0.77158,0.55176,18.87855,0.95626,1,0,0.00000,12,4.17009,1,4.43845,1,0.00000,0,0.00000,0,0.00000,0,1,1,0,0.00000,0,,0.00000,0.00000,
1,NewMedia0,442,7.34515,55492116400,0.52519,0.51787,7.29663,0.04852,14,1,0.51955,0.56079,1,0.36042,0.24815,0,,0.51041,0.57000,1,0.52870,0.55157,1,0.38396,0.53930,17.85045,0.95626,1,0.77168,0.55173,18.84235,0.95626,1,0,0.00000,12,4.16905,1,4.45339,1,0.00000,0,0.00000,0,0.00000,0,1,1,0,0.00000,0,,0.00000,0.00000,
1,NewMedia0,443,7.35925,55492257260,0.52650,0.52047,7.29663,0.06262,14,1,0.53305,0.53346,1,0.36042,0.24815,0,,0.49829,0.55347,1,0.56781,0.51345,1,0.38396,0.53930,17.85045,0.95626,1,0.77175,0.55172,18.94961,0.95626,1,0,0.00000,12,4.16824,1,4.44944,1,0.00000,0,0.00000,0,0.00000,0,1,1,0,0.00000,0,,0.00000,0.00000,
1,NewMedia0,444,7.36566,55492321724,0.52750,0.52370,7.29663,0.06903,14,1,0.53350,0.54311,1,0.36042,0.24815,0,,0.49978,0.56360,1,0.56721,0.52262,1,0.38406,0.53912,17.56934,0.94845,1,0.77176,0.55164,18.89632,0.94845,1,0,0.00000,12,4.20063,1,4.46497,1,0.00000,0,0.00000,0,0.00000,0,1,1,0,0.00000,0,,0.00000,0.00000,
1,NewMedia0,445,7.41632,55492828290,0.52905,0.52919,7.29663,0.11969,14,1,0.53986,0.56759,1,0.36042,0.24815,0,,0.51219,0.58805,1,0.56752,0.54713,1,0.38417,0.53910,17.58049,0.94064,1,0.77178,0.55152,19.05081,0.94064,1,0,0.00000,12,4.20191,1,4.44828,1,0.00000,0,0.00000,0,0.00000,0,1,1,0,0.00000,0,,0.00000,0.00000,
1,NewMedia0,446,7.42798,55492944484,0.52961,0.53210,7.29663,0.13135,14,1,0.53412,0.55534,1,0.36042,0.24815,0,,0.50261,0.59055,1,0.56563,0.52013,1,0.38415,0.53908,17.53722,0.93283,1,0.77180,0.55126,18.82230,0.93283,1,0,0.00000,12,4.23865,1,4.48459,1,0.00000,0,0.00000,0,0.00000,0,1,1,0,0.00000,0,,0.00000,0.00000,
1,NewMedia0,447,7.43457,55493010523,0.53011,0.53539,7.29663,0.13794,14,1,0.53457,0.56505,1,0.36042,0.24815,0,,0.50411,0.60063,1,0.56503,0.52947,1,0.38394,0.53878,17.63248,0.92501,1,0.77181,0.55122,19.00319,0.92501,1,0,0.00000,12,4.19498,1,4.47617,1,0.00000,0,0.00000,0,0.00000,0,1,1,0,0.00000,0,,0.00000,0.00000,
1,NewMedia0,448,7.43768,55493041562,0.53213,0.53666,7.29663,0.14105,14,1,0.55239,0.54936,1,0.36042,0.24815,0,,0.54323,0.58067,1,0.56155,0.51806,1,0.38391,0.53893,17.77870,0.92501,1,0.77178,0.55120,18.98640,0.92501,1,0,0.00000,12,4.14485,1,4.48895,1,0.00000,0,0.00000,0,0.00000,0,1,1,0,0.00000,0,,0.00000,0.00000,
1,NewMedia0,449,7.46161,55493281128,0.53366,0.53922,7.29663,0.16498,14,1,0.55047,0.56735,1,0.36042,0.24815,0,,0.53568,0.59699,1,0.56525,0.53771,1,0.38384,0.53874,17.66998,0.92501,1,0.77174,0.55108,19.02152,0.92501,1,0,0.00000,12,4.17304,1,4.44765,1,0.00000,0,0.00000,0,0.00000,0,1,1,0,0.00000,0,,0.00000,0.00000,
1,NewMedia0,450,7.47876,55493452330,0.53498,0.54103,7.29663,0.18213,14,1,0.55076,0.56284,1,0.36042,0.24815,0,,0.53568,0.59699,1,0.56584,0.52869,1,0.38375,0.53889,17.88423,0.92501,1,0.77178,0.55119,18.99570,0.93262,1,0,0.00000,12,4.17144,1,4.48010,1,0.00000,0,0.00000,0,0.00000,0,1,1,0,0.00000,0,,0.00000,0.00000,
1,NewMedia0,451,7.48279,55493493005,0.53593,0.54212,7.29663,0.18616,14,1,0.54829,0.55617,1,0.36042,0.24815,0,,0.53167,0.59581,1,0.56490,0.51652,1,0.38365,0.53906,17.78831,0.93262,1,0.77178,0.55119,18.98446,0.94022,1,0,0.00000,12,4.18141,1,4.48935,1,0.00000,0,0.00000,0,0.00000,0,1,1,0,0.00000,0,,0.00000,0.00000,
1,NewMedia0,452,7.49744,55493639409,0.53733,0.54111,7.29663,0.20081,14,1,0.55705,0.52709,1,0.36042,0.24815,0,,0.53721,0.54179,1,0.57689,0.51240,1,0.38374,0.53908,17.80218,0.94022,1,0.77181,0.55122,19.00319,0.94783,1,0,0.00000,12,4.20984,1,4.47393,1,0.00000,0,0.00000,0,0.00000,0,1,1,0,0.00000,0,,0.00000,0.00000,
1,NewMedia0,453,7.55365,55494201407,0.53853,0.53992,7.29663,0.25702,14,1,0.55645,0.52200,1,0.36042,0.24815,0,,0.53601,0.53159,1,0.57689,0.51240,1,0.38356,0.53939,17.99662,0.94783,1,0.77189,0.55110,18.92929,0.94783,1,0,0.00000,12,4.21308,1,4.47922,1,0.00000,0,0.00000,0,0.00000,0,1,1,0,0.00000,0,,0.00000,0.00000,
1,NewMedia0,454,7.57031,55494368140,0.53900,0.54100,7.29663,0.27368,14,1,0.54658,0.55832,1,0.36042,0.24815,0,,0.51205,0.53823,1,0.58112,0.57842,1,0.38364,0.53945,17.99417,0.94783,1,0.77222,0.55130,18.77460,0.94022,1,0,0.00000,12,4.16608,1,4.45447,1,0.00000,0,0.00000,0,0.00000,0,1,1,0,0.00000,0,,0.00000,0.00000,
1,NewMedia0,456,7.58862,55494551381,0.53989,0.54284,7.29663,0.29199,14,1,0.54780,0.56097,1,0.36042,0.24815,0,,0.51019,0.56224,1,0.58541,0.55970,1,0.38413,0.54001,18.50540,0.93262,1,0.77193,0.55109,19.00551,0.93262,1,0,0.00000,12,4.21024,1,4.37553,1,0.00000,0,0.00000,0,0.00000,0,1,1,0,0.00000,0,,0.00000,0.00000,
1,NewMedia0,457,7.59332,55494598240,0.53942,0.54540,7.29663,0.29669,14,1,0.53037,0.59404,1,0.36042,0.24815,0,,0.51209,0.60422,1,0.54865,0.58385,1,0.38411,0.54021,18.34231,0.93262,1,0.77217,0.55207,19.09375,0.94022,1,0,0.00000,12,4.21247,1,4.41668,1,0.00000,0,0.00000,0,0.00000,0,1,1,0,0.00000,0,,0.00000,0.00000,
1,NewMedia0,458,7.61731,55494838006,0.53875,0.54785,7.29663,0.32068,14,1,0.52544,0.59677,1,0.36042,0.24815,0,,0.50597,0.60457,1,0.54491,0.58896,1,0.38407,0.54032,18.24465,0.94022,1,0.77227,0.55202,19.28706,0.94783,1,0,0.00000,12,4.21027,1,4.44287,1,0.00000,0,0.00000,0,0.00000,0,1,1,0,0.00000,0,,0.00000,0.00000,
1,NewMedia0,459,7.61902,55494855207,0.53811,0.54985,7.29663,0.32239,14,1,0.52473,0.59195,1,0.36042,0.24815,0,,0.50455,0.59495,1,0.54491,0.58896,1,0.38409,0.54025,18.16716,0.94783,1,0.77222,0.55226,19.55535,0.94783,1,0,0.00000,12,4.18085,1,4.42095,1,0.00000,0,0.00000,0,0.00000,0,1,1,0,0.00000,0,,0.00000,0.00000,
1,NewMedia0,460,7.62891,55494953790,0.53764,0.55013,7.29663,0.33228,14,1,0.52727,0.55636,1,0.36042,0.24815,0,,0.50889,0.59083,1,0.54565,0.52189,1,0.38406,0.54033,18.12314,0.94783,1,0.77209,0.55246,19.18341,0.94022,1,0,0.00000,12,4.22198,1,4.47046,1,0.00000,0,0.00000,0,0.00000,0,1,1,0,0.00000,0,,0.00000,0.00000,
1,NewMedia0,461,7.68927,55495557530,0.53827,0.55049,7.29663,0.39264,14,1,0.55264,0.55875,1,0.36042,0.24815,0,,0.50235,0.55858,1,0.60294,0.55891,1,0.38400,0.54043,18.03813,0.94022,1,0.77213,0.55256,19.19746,0.93262,1,0,0.00000,12,4.21291,1,4.47555,1,0.00000,0,0.00000,0,0.00000,0,1,1,0,0.00000,0,,0.00000,0.00000,
1,NewMedia0,462,7.70856,55495750719,0.53887,0.55102,7.29663,0.41193,14,1,0.55337,0.56374,1,0.36042,0.24815,0,,0.50380,0.56858,1,0.60294,0.55891,1,0.38403,0.54042,17.98632,0.93262,1,0.77242,0.55274,19.10217,0.93262,1,0,0.00000,12,4.20814,1,4.41216,1,0.00000,0,0.00000,0,0.00000,0,1,1,0,0.00000,0,,0.00000,0.00000,
1,NewMedia0,463,7.71136,55495778782,0.53946,0.55161,7.29663,0.41473,14,1,0.55418,0.56640,1,0.36042,0.24815,0,,0.50950,0.58350,1,0.59886,0.54930,1,0.38398,0.54044,17.93099,0.93262,1,0.77243,0.55277,19.07578,0.94022,1,0,0.00000,12,4.19518,1,4.39188,1,0.00000,0,0.00000,0,0.00000,0,1,1,0,0.00000,0,,0.00000,0.00000,
1,NewMedia0,464,7.71985,55495863321,0.54019,0.55044,7.29663,0.42322,14,1,0.55919,0.51990,1,0.36042,0.24815,0,,0.51449,0.58635,1,0.60388,0.45344,1,0.38403,0.54040,17.97480,0.94022,1,0.77251,0.55291,19.05020,0.94783,1,0,0.00000,12,4.21205,1,4.44457,1,0.00000,0,0.00000,0,0.00000,0,1,1,0,0.00000,0,,0.00000,0.00000,
1,NewMedia0,465,7.72253,55495890373,0.54085,0.54865,7.29663,0.42590,14,1,0.55870,0.50028,1,0.36042,0.24815,0,,0.51173,0.56651,1,0.60566,0.43406,1,0.38420,0.54067,18.14801,0.95564,1,0.77246,0.55305,19.23107,0.96324,1,0,0.00000,12,4.19356,1,4.44181,1,0.00000,0,0.00000,0,0.00000,0,1,1,0,0.00000,0,,0.00000,0.00000,
1,NewMedia0,466,7.75275,55496192192,0.54038,0.54640,7.29663,0.45612,14,1,0.52729,0.48344,1,0.36042,0.24815,0,,0.47053,0.51126,1,0.58406,0.45562,1,0.38426,0.54062,18.10086,0.97106,1,0.77251,0.55260,18.80908,0.97106,1,0,0.00000,12,4.17641,1,4.40579,1,0.00000,0,0.00000,0,0.00000,0,1,1,0,0.00000,0,,0.00000,0.00000,
1,NewMedia0,467,7.75464,55496211532,0.53981,0.54513,7.29663,0.45801,14,1,0.52329,0.50841,1,0.36042,0.24815,0,,0.47210,0.50360,1,0.57448,0.51322,1,0.38426,0.54062,18.10086,0.97887,1,0.77243,0.55277,19.13306,0.97887,1,0,0.00000,12,4.17726,1,4.39182,1,0.00000,0,0.00000,0,0.00000,0,1,1,0,0.00000,0,,0.00000,0.00000,
1,NewMedia0,468,7.76013,55496266285,0.53926,0.54364,7.29663,0.46350,14,1,0.52279,0.49880,1,0.36042,0.24815,0,,0.47046,0.49335,1,0.57512,0.50425,1,0.38428,0.54063,18.12924,0.98668,1,0.77258,0.55264,18.89015,0.98668,1,0,0.00000,12,4.17881,1,4.40760,1,0.00000,0,0.00000,0,0.00000,0,1,1,0,0.00000,0,,0.00000,0.00000,
1,NewMedia0,469,7.78107,55496475311,0.53878,0.54203,7.29663,0.48444,14,1,0.52363,0.49219,1,0.36042,0.24815,0,,0.47046,0.49335,1,0.57681,0.49103,1,0.38425,0.54061,18.13732,0.98668,1,0.77250,0.55246,18.68098,0.98668,1,0,0.00000,12,4.16112,1,4.39025,1,0.00000,0,0.00000,0,0.00000,0,1,1,0,0.00000,0,,0.00000,0.00000,
1,NewMedia0,470,7.84143,55497079403,0.53794,0.54005,7.29663,0.54480,14,1,0.51133,0.47652,1,0.36042,0.24815,0,,0.45424,0.45545,1,0.56842,0.49759,1,0.38420,0.54050,18.20437,0.98668,1,0.77253,0.55240,18.69846,0.98668,1,0,0.00000,12,4.14750,1,4.38804,1,0.00000,0,0.00000,0,0.00000,0,1,1,0,0.00000,0,,0.00000,0.00000,
1,NewMedia0,471,7.84625,55497127306,0.53716,0.53818,7.29663,0.54962,14,1,0.51133,0.47652,1,0.36042,0.24815,0,,0.45424,0.45545,1,0.56842,0.49759,1,0.38420,0.54050,18.20437,0.98668,1,0.77259,0.55236,18.50959,0.98668,1,0,0.00000,12,4.14682,1,4.41636,1,0.00000,0,0.00000,0,0.00000,0,1,1,0,0.00000,0,,22.62421,311.12469,
1,NewMedia0,473,7.85181,55497182778,0.52088,0.49895,7.29663,0.54962,14,0,0.50740,0.48828,1,0.36042,0.24815,0,,0.45290,0.48419,1,0.56190,0.49237,1,0.38421,0.54055,18.18140,0.98668,1,0.77260,0.55251,18.71500,0.98668,1,0,0.00000,12,4.14153,1,4.42660,1,0.00000,0,0.00000,0,0.00000,0,1,1,0,0.00000,0,,0.00000,0.00000,
1,NewMedia0,474,7.89026,55497567228,0.51639,0.49539,7.29663,0.54962,14,0,0.50740,0.48828,1,0.36042,0.24815,0,,0.45290,0.48419,1,0.56190,0.49237,1,0.38408,0.54056,18.15570,0.98668,1,0.77234,0.55257,19.00416,0.98668,1,0,0.00000,12,4.11073,1,4.34752,1,0.00000,0,0.00000,0,0.00000,0,1,1,0,0.00000,0,,0.00000,0.00000,
1,NewMedia0,475,7.89319,55497596566,0.51968,0.49542,7.84808,0.04510,15,1,0.52956,0.49549,1,0.36042,0.24815,0,,0.45431,0.49825,1,0.60481,0.49273,1,0.38398,0.54055,18.17564,0.98668,1,0.77236,0.55239,18.87449,0.98668,1,0,0.00000,12,4.08703,1,4.32904,1,0.00000,0,0.00000,0,0.00000,0,1,1,0,0.00000,0,,0.00000,0.00000,
1,NewMedia0,476,7.89484,55497613112,0.52137,0.50042,7.84808,0.04675,15,1,0.52815,0.52044,1,0.36042,0.24815,0,,0.47731,0.54183,1,0.57899,0.49905,1,0.38421,0.54062,17.88931,0.98668,1,0.77247,0.55256,18.82873,0.98668,1,0,0.00000,12,4.16605,1,4.38705,1,0.00000,0,0.00000,0,0.00000,0,1,1,0,0.00000,0,,0.00000,0.00000,
1,NewMedia0,477,7.90869,55497751821,0.52250,0.50376,7.84808,0.06061,15,1,0.52815,0.52044,1,0.36042,0.24815,0,,0.47731,0.54183,1,0.57899,0.49905,1,0.38443,0.54104,18.12909,0.98668,1,0.77275,0.55197,18.47412,0.98668,1,0,0.00000,12,4.16178,1,4.32597,1,0.00000,0,0.00000,0,0.00000,0,1,1,0,0.00000,0,,0.00000,0.00000,
1,NewMedia0,478,7.96558,55498320793,0.52655,0.50335,7.84808,0.11749,15,1,0.55083,0.50091,1,0.36042,0.24815,0,,0.49396,0.48356,1,0.60770,0.51827,1,0.38454,0.54090,18.37343,0.98668,1,0.77323,0.55278,18.65729,0.98668,1,0,0.00000,12,4.10713,1,4.42264,1,0.00000,0,0.00000,0,0.00000,0,1,1,0,0.00000,0,,0.00000,0.00000,
1,NewMedia0,479,7.97601,55498424942,0.52999,0.50261,7.84808,0.12793,15,1,0.55412,0.49743,1,0.36042,0.24815,0,,0.49396,0.48356,1,0.61427,0.51130,1,0.38454,0.54090,18.37343,0.98668,1,0.77307,0.55271,18.67635,0.98668,1,0,0.00000,12,4.10882,1,4.35871,1,0.00000,0,0.00000,0,0.00000,0,1,1,0,0.00000,0,,0.00000,0.00000,
1,NewMedia0,480,7.97748,55498439387,0.53267,0.50204,7.84808,0.12939,15,1,0.55412,0.49743,1,0.36042,0.24815,0,,0.49396,0.48356,1,0.61427,0.51130,1,0.38454,0.54090,18.37343,0.98668,1,0.77305,0.55294,18.85164,0.98668,1,0,0.00000,12,4.10898,1,4.36445,1,0.00000,0,0.00000,0,0.00000,0,1,1,0,0.00000,0,,0.00000,0.00000,
1,NewMedia0,481,7.97900,55498454623,0.53265,0.49809,7.84808,0.13092,15,1,0.53239,0.46254,1,0.36042,0.24815,0,,0.49591,0.48766,1,0.56888,0.43742,1,0.38452,0.54102,18.12642,0.98668,1,0.77331,0.55257,18.56986,0.98668,1,0,0.00000,12,4.11119,1,4.42051,1,0.00000,0,0.00000,0,0.00000,0,1,1,0,0.00000,0,,0.00000,0.00000,
1,NewMedia0,482,8.02649,55498929446,0.53318,0.49537,7.84808,0.17841,15,1,0.53855,0.46825,1,0.36042,0.24815,0,,0.49974,0.47259,1,0.57737,0.46392,1,0.38473,0.54102,18.29755,0.98668,1,0.77356,0.55268,18.46662,0.98668,1,0,0.00000,12,4.18607,1,4.37513,1,0.00000,0,0.00000,0,0.00000,0,1,1,0,0.00000,0,,0.00000,0.00000,
1,NewMedia0,483,8.03278,55498992638,0.53363,0.49311,7.84808,0.18469,15,1,0.53855,0.46825,1,0.36042,0.24815,0,,0.49974,0.47259,1,0.57737,0.46392,1,0.38480,0.54103,18.40201,0.98668,1,0.77365,0.55270,18.58551,0.98668,1,0,0.00000,12,4.19020,1,4.35222,1,0.00000,0,0.00000,0,0.00000,0,1,1,0,0.00000,0,,0.00000,0.00000,
1,NewMedia0,485,8.03931,55499057776,0.53982,0.49545,7.84808,0.19122,15,1,0.57952,0.50790,1,0.36042,0.24815,0,,0.54048,0.56845,1,0.61856,0.44735,1,0.38501,0.54080,18.47455,0.98668,1,0.77380,0.55241,18.73712,0.98668,1,0,0.00000,12,4.13138,1,4.36095,1,0.00000,0,0.00000,0,0.00000,0,1,1,0,0.00000,0,,0.00000,0.00000,
1,NewMedia0,486,8.09186,55499583595,0.54247,0.49692,7.84808,0.24377,15,1,0.57961,0.51754,1,0.36042,0.24815,0,,0.54164,0.57822,1,0.61758,0.45686,1,0.38521,0.54076,18.44273,0.97887,1,0.77383,0.55246,18.68098,0.97887,1,0,0.00000,12,4.06772,1,4.38606,1,0.00000,0,0.00000,0,0.00000,0,1,1,0,0.00000,0,,0.00000,0.00000,
1,NewMedia0,487,8.09985,55499663562,0.54418,0.50024,7.84808,0.25177,15,1,0.56984,0.55006,1,0.36042,0.24815,0,,0.55855,0.57798,1,0.58113,0.52214,1,0.38543,0.54042,18.08764,0.97106,1,0.77407,0.55266,18.55186,0.97106,1,0,0.00000,12,4.10242,1,4.41308,1,0.00000,0,0.00000,0,0.00000,0,1,1,0,0.00000,0,,0.00000,0.00000,
1,NewMedia0,488,8.10681,55499733062,0.54504,0.50465,7.84808,0.25873,15,1,0.55881,0.57519,1,0.36042,0.24815,0,,0.52535,0.59821,1,0.59227,0.55217,1,0.38553,0.54042,18.02772,0.96324,1,0.77427,0.55256,18.46391,0.96324,1,0,0.00000,12,4.14948,1,4.34576,1,0.00000,0,0.00000,0,0.00000,0,1,1,0,0.00000,0,,0.00000,0.00000,
1,NewMedia0,489,8.10840,55499748941,0.54584,0.50881,7.84808,0.26031,15,1,0.55950,0.57956,1,0.36042,0.24815,0,,0.52664,0.60794,1,0.59236,0.55118,1,0.38561,0.54024,18.31203,0.95543,1,0.77425,0.55291,18.74120,0.96412,1,0,0.00000,12,4.12327,1,4.38063,1,0.00000,0,0.00000,0,0.00000,0,1,1,0,0.00000,0,,0.00000,0.00000,
1,NewMedia0,490,8.15100,55500174771,0.54637,0.51084,7.84808,0.30292,15,1,0.55579,0.54740,1,0.36042,0.24815,0,,0.48681,0.57402,1,0.62477,0.52079,1,0.38580,0.54045,18.42295,0.96412,1,0.77436,0.55287,18.54842,0.97281,1,0,0.00000,12,4.07740,1,4.39250,1,0.00000,0,0.00000,0,0.00000,0,1,1,0,0.00000,0,,0.00000,0.00000,
1,NewMedia0,491,8.16223,55500287384,0.54695,0.51253,7.84808,0.31415,15,1,0.55802,0.54447,1,0.36042,0.24815,0,,0.49836,0.57082,1,0.61768,0.51811,1,0.38585,0.54041,18.37293,0.97281,1,0.77448,0.55254,18.53256,0.98150,1,0,0.00000,12,4.06806,1,4.37171,1,0.00000,0,0.00000,0,0.00000,0,1,1,0,0.00000,0,,0.00000,0.00000,
1,NewMedia0,492,8.16364,55500301181,0.54743,0.51334,7.84808,0.31555,15,1,0.55696,0.52962,1,0.36042,0.24815,0,,0.49527,0.55009,1,0.61866,0.50914,1,0.38588,0.54071,18.37881,0.98932,1,0.77457,0.55258,18.85572,0.98932,1,0,0.00000,12,4.10071,1,4.39421,1,0.00000,0,0.00000,0,0.00000,0,1,1,0,0.00000,0,,0.00000,0.00000,
1,NewMedia0,493,8.17419,55500406748,0.54835,0.51332,7.84808,0.32611,15,1,0.56769,0.51293,1,0.36042,0.24815,0,,0.50500,0.52460,1,0.63039,0.50126,1,0.38612,0.54063,18.42107,0.99713,1,0.77486,0.55270,18.66763,0.98844,1,0,0.00000,12,4.01720,1,4.35954,1,0.00000,0,0.00000,0,0.00000,0,1,1,0,0.00000,0,,0.00000,0.00000,
1,NewMedia0,494,8.18799,55500544494,0.54954,0.51280,7.84808,0.33990,15,1,0.57578,0.50134,1,0.36042,0.24815,0,,0.50839,0.52084,1,0.64318,0.48183,1,0.38627,0.54061,18.42307,0.99625,1,0.77493,0.55268,18.82660,0.98756,1,0,0.00000,12,4.09117,1,4.35051,1,0.00000,0,0.00000,0,0.00000,0,1,1,0,0.00000,0,,36.28121,49.06894,
1,NewMedia0,495,8.23773,55501042162,0.56759,0.53200,7.84808,0.33990,15,0,0.57523,0.50692,1,0.36042,0.24815,0,,0.50855,0.52197,1,0.64191,0.49187,1,0.38640,0.54054,18.35196,0.99537,1,0.77495,0.55262,18.89713,0.97908,1,0,0.00000,12,4.09224,1,4.35042,1,0.00000,0,0.00000,0,0.00000,0,1,1,0,0.00000,0,,0.00000,0.00000,
1,NewMedia0,496,8.24243,55501088976,0.57138,0.52544,7.84808,0.33990,15,0,0.57517,0.51888,1,0.36042,0.24815,0,,0.53782,0.55852,1,0.61252,0.47925,1,0.38650,0.54050,18.07138,0.97908,1,0.77507,0.55246,18.88080,0.97147,1,0,0.00000,12,4.14438,1,4.35371,1,0.00000,0,0.00000,0,0.00000,0,1,1,0,0.00000,0,,0.00000,0.00000,
1,NewMedia0,497,8.24725,55501137284,0.56880,0.53643,7.84808,0.33990,15,0,0.56363,0.55840,1,0.36042,0.24815,0,,0.54440,0.58041,1,0.58286,0.53639,1,0.38661,0.54042,18.26657,0.97147,1,0.77514,0.55253,18.76527,0.96387,1,0,0.00000,12,4.16003,1,4.39419,1,0.00000,0,0.00000,0,0.00000,0,1,1,0,0.00000,0,,0.00000,0.00000,
1,NewMedia0,498,8.25659,55501230789,0.56770,0.54546,8.23773,0.01886,16,1,0.56440,0.57257,1,0.36042,0.24815,0,,0.54666,0.59982,1,0.58214,0.54532,1,0.38670,0.54010,18.44985,0.95606,1,0.77531,0.55257,18.70898,0.95606,1,0,0.00000,12,4.12507,1,4.35521,1,0.00000,0,0.00000,0,0.00000,0,1,1,0,0.00000,0,,0.00000,0.00000,
1,NewMedia0,499,8.29572,55501621968,0.56284,0.55117,8.23773,0.05798,16,1,0.54340,0.57399,1,0.36042,0.24815,0,,0.49521,0.60499,1,0.59159,0.54299,1,0.38693,0.54023,18.23598,0.94824,1,0.77546,0.55278,18.83082,0.95585,1,0,0.00000,12,4.14013,1,4.42491,1,0.00000,0,0.00000,0,0.00000,0,1,1,0,0.00000,0,,0.00000,0.00000,
1,NewMedia0,500,8.29828,55501647841,0.56001,0.55244,8.23773,0.06055,16,1,0.54584,0.55882,1,0.36042,0.24815,0,,0.49744,0.61537,1,0.59425,0.50226,1,0.38697,0.54022,18.27596,0.94804,1,0.77555,0.55315,19.01205,0.95564,1,0,0.00000,12,4.12012,1,4.36197,1,0.00000,0,0.00000,0,0.00000,0,1,1,0,0.00000,0,,0.00000,0.00000,
1,NewMedia0,501,8.31799,55501844974,0.55798,0.55339,8.23773,0.08026,16,1,0.54585,0.55907,1,0.36042,0.24815,0,,0.49748,0.61563,1,0.59423,0.50251,1,0.38670,0.54052,18.04282,0.94783,1,0.77535,0.55309,18.96370,0.95543,1,0,0.00000,12,4.12455,1,4.38545,1,0.00000,0,0.00000,0,0.00000,0,1,1,0,0.00000,0,,0.00000,0.00000,
1,NewMedia0,502,8.31952,55501860147,0.55667,0.55444,8.23773,0.08179,16,1,0.54749,0.56182,1,0.36042,0.24815,0,,0.50304,0.61778,1,0.59195,0.50587,1,0.38647,0.54072,18.00301,0.95543,1,0.77491,0.55316,18.84342,0.95543,1,0,0.00000,12,4.01295,1,4.35492,1,0.00000,0,0.00000,0,0.00000,0,1,1,0,0.00000,0,,0.00000,0.00000,
1,NewMedia0,503,8.33801,55502044984,0.55198,0.55309,8.23773,0.10028,16,1,0.51441,0.54229,1,0.36042,0.24815,0,,0.45529,0.56787,1,0.57353,0.51671,1,0.38658,0.54094,17.73305,0.95543,1,0.77504,0.55334,18.82231,0.95543,1,0,0.00000,12,4.07466,1,4.35875,1,0.00000,0,0.00000,0,0.00000,0,1,1,0,0.00000,0,,0.00000,0.00000,
1,NewMedia0,504,8.36615,55502326624,0.54822,0.55201,8.23773,0.12842,16,1,0.51441,0.54229,1,0.36042,0.24815,0,,0.45529,0.56787,1,0.57353,0.51671,1,0.38654,0.54113,17.92475,0.95543,1,0.77502,0.55289,18.75757,0.95543,1,0,0.00000,12,4.08286,1,4.34499,1,0.00000,0,0.00000,0,0.00000,0,1,1,0,0.00000,0,,0.00000,0.00000,
1,NewMedia0,505,8.37726,55502437416,0.54624,0.55322,8.23773,0.13953,16,1,0.52638,0.56526,1,0.36042,0.24815,0,,0.48274,0.59053,1,0.57002,0.53998,1,0.38655,0.54115,17.91193,0.95543,1,0.77511,0.55317,18.95613,0.95543,1,0,0.00000,12,4.09738,1,4.27348,1,0.00000,0,0.00000,0,0.00000,0,1,1,0,0.00000,0,,0.00000,0.00000,
1,NewMedia0,506,8.39020,55502567136,0.54441,0.55058,8.23773,0.15247,16,1,0.52437,0.52158,1,0.36042,0.24815,0,,0.46953,0.49915,1,0.57921,0.54401,1,0.38655,0.54115,17.91193,0.95543,1,0.77525,0.55365,19.07551,0.95543,1,0,0.00000,12,4.09581,1,4.33909,1,0.00000,0,0.00000,0,0.00000,0,1,1,0,0.00000,0,,0.00000,0.00000,
1,NewMedia0,507,8.40143,55502678871,0.54290,0.54797,8.23773,0.16370,16,1,0.52476,0.51661,1,0.36042,0.24815,0,,0.46953,0.49915,1,0.57999,0.53407,1,0.38664,0.54151,17.95462,0.95543,1,0.77532,0.55378,19.16179,0.96412,1,0,0.00000,12,4.12474,1,4.37575,1,0.00000,0,0.00000,0,0.00000,0,1,1,0,0.00000,0,,0.00000,0.00000,
1,NewMedia0,508,8.43231,55502988203,0.54253,0.54590,8.23773,0.19458,16,1,0.53768,0.51907,1,0.36042,0.24815,0,,0.47505,0.50521,1,0.60030,0.53294,1,0.38680,0.54125,17.88977,0.96412,1,0.77541,0.55393,19.14259,0.97281,1,0,0.00000,12,4.14684,1,4.40208,1,0.00000,0,0.00000,0,0.00000,0,1,1,0,0.00000,0,,0.00000,0.00000,
1,NewMedia0,509,8.46198,55503284386,0.54236,0.54268,8.23773,0.22424,16,1,0.54008,0.49752,1,0.36042,0.24815,0,,0.47136,0.48116,1,0.60880,0.51388,1,0.38691,0.54146,17.97822,0.97281,1,0.77553,0.55383,19.05878,0.98150,1,0,0.00000,12,4.17349,1,4.43051,1,0.00000,0,0.00000,0,0.00000,0,1,1,0,0.00000,0,,0.00000,0.00000,
1,NewMedia0,510,8.46387,55503303815,0.54209,0.53846,8.23773,0.22614,16,1,0.53792,0.47519,1,0.36042,0.24815,0,,0.46597,0.44702,1,0.60987,0.50336,1,0.38698,0.54152,17.99055,0.99824,1,0.77562,0.55370,19.12442,0.99064,1,0,0.00000,12,4.13829,1,4.42845,1,0.00000,0,0.00000,0,0.00000,0,1,1,0,0.00000,0,,0.00000,0.00000,
1,NewMedia0,511,8.46881,55503353172,0.54135,0.53622,8.23773,0.23108,16,1,0.52951,0.50040,1,0.36042,0.24815,0,,0.48956,0.48489,1,0.56946,0.51591,1,0.38713,0.54143,18.10559,1.00738,1,0.77576,0.55355,19.26040,0.99109,1,0,0.00000,12,4.17662,1,4.42942,1,0.00000,0,0.00000,0,0.00000,0,1,1,0,0.00000,0,,0.00000,0.00000,
1,NewMedia0,512,8.48352,55503500345,0.54085,0.53366,8.23773,0.24579,16,1,0.53231,0.49017,1,0.36042,0.24815,0,,0.48976,0.48798,1,0.57485,0.49237,1,0.38732,0.54133,18.27957,1.00783,1,0.77578,0.55359,19.25971,0.99153,1,0,0.00000,12,4.16250,1,4.43278,1,0.00000,0,0.00000,0,0.00000,0,1,1,0,0.00000,0,,0.00000,0.00000,
1,NewMedia0,513,8.50092,55503674217,0.54039,0.53135,8.23773,0.26318,16,1,0.53228,0.48963,1,0.36042,0.24815,0,,0.48968,0.48740,1,0.57489,0.49185,1,0.38739,0.54098,18.08678,1.00827,1,0.77580,0.55347,19.24640,0.99198,1,0,0.00000,12,4.09269,1,4.46550,1,0.00000,0,0.00000,0,0.00000,0,1,1,0,0.00000,0,,0.00000,0.00000,
1,NewMedia0,514,8.52045,55503869486,0.54040,0.52855,8.23773,0.28271,16,1,0.54059,0.47553,1,0.36042,0.24815,0,,0.49380,0.49411,1,0.58738,0.45695,1,0.38746,0.54078,18.38001,0.99198,1,0.77609,0.55311,18.98022,0.99198,1,0,0.00000,12,4.06874,1,4.44557,1,0.00000,0,0.00000,0,0.00000,0,1,1,0,0.00000,0,,0.00000,0.00000,
1,NewMedia0,515,8.54645,55504129192,0.53982,0.52813,8.23773,0.30872,16,1,0.52816,0.51956,1,0.36042,0.24815,0,,0.50189,0.56153,1,0.55444,0.47758,1,0.38756,0.54079,18.40510,0.99198,1,0.77616,0.55306,19.07690,0.99198,1,0,0.00000,12,4.11199,1,4.53758,1,0.00000,0,0.00000,0,0.00000,0,1,1,0,0.00000,0,,0.00000,0.00000,
1,NewMedia0,516,8.56946,55504359623,0.53934,0.52865,8.23773,0.33173,16,1,0.52917,0.53971,1,0.36042,0.24815,0,,0.50492,0.58234,1,0.55341,0.49709,1,0.38746,0.54056,18.25499,0.97524,1,0.77611,0.55324,19.68266,0.97524,1,0,0.00000,12,4.12051,1,4.47493,1,0.00000,0,0.00000,0,0.00000,0,1,1,0,0.00000,0,,0.00000,0.00000,
1,NewMedia0,517,8.57397,55504404823,0.53924,0.52974,8.23773,0.33624,16,1,0.53700,0.55360,1,0.36042,0.24815,0,,0.52204,0.58879,1,0.55195,0.51840,1,0.38761,0.54039,18.15675,0.95850,1,0.77619,0.55309,19.45413,0.95850,1,0,0.00000,12,4.09521,1,4.49399,1,0.00000,0,0.00000,0,0.00000,0,1,1,0,0.00000,0,,0.00000,0.00000,
1,NewMedia0,518,8.61200,55504785080,0.53927,0.53130,8.23773,0.37427,16,1,0.54004,0.56724,1,0.36042,0.24815,0,,0.52686,0.61400,1,0.55321,0.52049,1,0.38764,0.54055,18.05256,0.94176,1,0.77624,0.55311,19.38624,0.94176,1,0,0.00000,12,4.17759,1,4.47652,1,0.00000,0,0.00000,0,0.00000,0,1,1,0,0.00000,0,,0.00000,0.00000,
1,NewMedia0,520,8.61505,55504815549,0.53959,0.53532,8.23773,0.37732,16,1,0.54570,0.58395,1,0.36042,0.24815,0,,0.53197,0.63753,1,0.55942,0.53037,1,0.38782,0.54042,17.99655,0.93262,1,0.77647,0.55303,19.09894,0.94022,1,0,0.00000,12,4.14082,1,4.45906,1,0.00000,0,0.00000,0,0.00000,0,1,1,0,0.00000,0,,0.00000,0.00000,
1,NewMedia0,521,8.63080,55504972831,0.53952,0.53638,8.23773,0.39307,16,1,0.53787,0.56406,1,0.36042,0.24815,0,,0.52550,0.61131,1,0.55023,0.51682,1,0.38778,0.54051,17.99052,0.94022,1,0.77618,0.55308,19.35918,0.94783,1,0,0.00000,12,4.16732,1,4.51241,1,0.00000,0,0.00000,0,0.00000,0,1,1,0,0.00000,0,,0.00000,0.00000,
1,NewMedia0,522,8.65997,55505264799,0.53945,0.53704,8.23773,0.42224,16,1,0.53745,0.55479,1,0.36042,0.24815,0,,0.52422,0.60171,1,0.55069,0.50787,1,0.38781,0.54055,18.05020,0.94783,1,0.77615,0.55330,19.55184,0.95543,1,0,0.00000,12,4.17828,1,4.53434,1,0.00000,0,0.00000,0,0.00000,0,1,1,0,0.00000,0,,0.00000,0.00000,
1,NewMedia0,523,8.66766,55505341548,0.53952,0.53781,8.23773,0.42993,16,1,0.54143,0.55939,1,0.36042,0.24815,0,,0.53426,0.59807,1,0.54861,0.52071,1,0.38779,0.54064,18.19981,0.95543,1,0.77617,0.55330,19.61074,0.95543,1,0,0.00000,12,4.16163,1,4.46909,1,0.00000,0,0.00000,0,0.00000,0,1,1,0,0.00000,0,,0.00000,0.00000,
1,NewMedia0,524,8.70898,55505754612,0.53957,0.53883,8.23773,0.47125,16,1,0.54099,0.56832,1,0.36042,0.24815,0,,0.52976,0.61953,1,0.55223,0.51711,1,0.38772,0.54081,18.28074,0.95543,1,0.77606,0.55334,19.79480,0.95543,1,0,0.00000,12,4.19095,1,4.48696,1,0.00000,0,0.00000,0,0.00000,0,1,1,0,0.00000,0,,0.00000,0.00000,
1,NewMedia0,525,8.71039,55505768784,0.53961,0.53978,8.23773,0.47266,16,1,0.54099,0.56832,1,0.36042,0.24815,0,,0.52976,0.61953,1,0.55223,0.51711,1,0.38769,0.54072,18.18344,0.95543,1,0.77606,0.55334,19.79480,0.95543,1,0,0.00000,12,4.19559,1,4.48660,1,0.00000,0,0.00000,0,0.00000,0,1,1,0,0.00000,0,,0.00000,0.00000,
1,NewMedia0,526,8.74414,55506106518,0.54022,0.54058,8.23773,0.50641,16,1,0.55891,0.56550,1,0.36042,0.24815,0,,0.52705,0.62153,1,0.59077,0.50946,1,0.38760,0.54067,18.13675,0.95543,1,0.77608,0.55323,19.54541,0.95543,1,0,0.00000,12,4.21425,1,4.49772,1,0.00000,0,0.00000,0,0.00000,0,1,1,0,0.00000,0,,0.00000,0.00000,
1,NewMedia0,527,8.76733,55506338243,0.54001,0.54099,8.23773,0.52960,16,1,0.53347,0.55401,1,0.36042,0.24815,0,,0.52101,0.60511,1,0.54593,0.50292,1,0.38746,0.54044,18.26362,0.95543,1,0.77613,0.55324,19.58974,0.95543,1,0,0.00000,12,4.24385,1,4.49795,1,0.00000,0,0.00000,0,0.00000,0,1,1,0,0.00000,0,,0.00000,0.00000,
1,NewMedia0,528,8.76904,55506355077,0.53982,0.54137,8.23773,0.53131,16,1,0.53347,0.55401,1,0.36042,0.24815,0,,0.52101,0.60511,1,0.54593,0.50292,1,0.38750,0.54051,18.31558,0.95543,1,0.77612,0.55332,19.60783,0.95543,1,0,0.00000,12,4.25835,1,4.52712,1,0.00000,0,0.00000,0,0.00000,0,1,1,0,0.00000,0,,0.00000,0.00000,
1,NewMedia0,529,8.77264,55506391436,0.53966,0.54202,8.23773,0.53491,16,1,0.53413,0.56410,1,0.36042,0.24815,0,,0.51791,0.61921,1,0.55035,0.50899,1,0.38766,0.54049,18.28699,0.95543,1,0.77611,0.55335,19.67410,0.95543,1,0,0.00000,12,4.19659,1,4.52490,1,0.00000,0,0.00000,0,0.00000,0,1,1,0,0.00000,0,,0.00000,0.00000,
1,NewMedia0,530,8.78052,55506469959,0.53968,0.54278,8.23773,0.54279,16,1,0.54064,0.56943,1,0.36042,0.24815,0,,0.52828,0.62278,1,0.55299,0.51609,1,0.38750,0.54051,18.31558,0.95543,1,0.77609,0.55338,19.72221,0.95543,1,0,0.00000,12,4.25866,1,4.51897,1,0.00000,0,0.00000,0,0.00000,0,1,1,0,0.00000,0,,0.00000,0.00000,
1,NewMedia0,531,8.80072,55506671971,0.53971,0.54350,8.23773,0.56299,16,1,0.54064,0.56943,1,0.36042,0.24815,0,,0.52828,0.62278,1,0.55299,0.51609,1,0.38750,0.54051,18.31558,0.95543,1,0.77616,0.55336,19.69520,0.95543,1,0,0.00000,12,4.25799,1,4.52851,1,0.00000,0,0.00000,0,0.00000,0,1,1,0,0.00000,0,,0.00000,0.00000,
1,NewMedia0,532,8.84302,55507095171,0.53949,0.54402,8.23773,0.60529,16,1,0.53132,0.56294,1,0.36042,0.24815,0,,0.51379,0.59825,1,0.54885,0.52762,1,0.38752,0.54061,18.24535,0.95543,1,0.77611,0.55335,19.67410,0.95543,1,0,0.00000,12,4.25425,1,4.52331,1,0.00000,0,0.00000,0,0.00000,0,1,1,0,0.00000,0,,0.00000,0.00000,
1,NewMedia0,533,8.84601,55507125235,0.53932,0.54440,8.23773,0.60828,16,1,0.53294,0.55887,1,0.36042,0.24815,0,,0.52243,0.62124,1,0.54344,0.49650,1,0.38739,0.54053,18.36953,0.95543,1,0.77599,0.55349,19.95718,0.95543,1,0,0.00000,12,4.25781,1,4.50215,1,0.00000,0,0.00000,0,0.00000,0,1,1,0,0.00000,0,,0.00000,0.00000,
1,NewMedia0,534,8.84918,55507156516,0.53915,0.54464,8.23773,0.61145,16,1,0.53228,0.55393,1,0.36042,0.24815,0,,0.52112,0.61162,1,0.54345,0.49625,1,0.38737,0.54045,18.36128,0.96324,1,0.77595,0.55346,19.93858,0.95564,1,0,0.00000,12,4.25946,1,4.51980,1,0.00000,0,0.00000,0,0.00000,0,1,1,0,0.00000,0,,0.00000,0.00000,
1,NewMedia0,535,8.87244,55507389076,0.53864,0.54397,8.23773,0.63470,16,1,0.51854,0.51741,1,0.36042,0.24815,0,,0.47828,0.52011,1,0.55880,0.51472,1,0.38708,0.54035,18.34530,0.96345,1,0.77585,0.55312,19.94617,0.95585,1,0,0.00000,12,4.18939,1,4.56982,1,0.00000,0,0.00000,0,0.00000,0,1,1,0,0.00000,0,,0.00000,0.00000,
1,NewMedia0,536,8.91064,55507771546,0.53814,0.54311,8.23773,0.67291,16,1,0.51747,0.50790,1,0.36042,0.24815,0,,0.46533,0.51113,1,0.56962,0.50466,1,0.38708,0.54035,18.34190,0.96366,1,0.77555,0.55306,19.71614,0.95606,1,0,0.00000,12,4.19214,1,4.56234,1,0.00000,0,0.00000,0,0.00000,0,1,1,0,0.00000,0,,0.00000,0.00000,
1,NewMedia0,537,8.91254,55507790126,0.53768,0.54241,8.23773,0.67480,16,1,0.51831,0.51293,1,0.36042,0.24815,0,,0.46700,0.52119,1,0.56962,0.50466,1,0.38682,0.54042,18.42203,0.95606,1,0.77551,0.55305,19.72871,0.95606,1,0,0.00000,12,4.21908,1,4.54556,1,0.00000,0,0.00000,0,0.00000,0,1,1,0,0.00000,0,,0.00000,0.00000,
1,NewMedia0,538,8.91400,55507804964,0.53733,0.54172,8.23773,0.67627,16,1,0.52253,0.51182,1,0.36042,0.24815,0,,0.48810,0.52710,1,0.55695,0.49654,1,0.38657,0.54044,18.07290,0.94824,1,0.77497,0.55300,19.85577,0.95585,1,0,0.00000,12,4.20533,1,4.52345,1,0.00000,0,0.00000,0,0.00000,0,1,1,0,0.00000,0,,0.00000,0.00000,
1,NewMedia0,539,8.92670,55507931873,0.53738,0.54219,8.23773,0.68896,16,1,0.53950,0.56294,1,0.36042,0.24815,0,,0.52927,0.62011,1,0.54972,0.50577,1,0.38637,0.54059,18.36132,0.94804,1,0.77493,0.55322,19.72239,0.95564,1,0,0.00000,12,4.21148,1,4.58155,1,0.00000,0,0.00000,0,0.00000,0,1,1,0,0.00000,0,,0.00000,0.00000,
1,NewMedia0,540,8.96057,55508270789,0.53742,0.54274,8.23773,0.72284,16,1,0.53928,0.56768,1,0.36042,0.24815,0,,0.52931,0.62037,1,0.54926,0.51498,1,0.38612,0.54036,18.18882,0.94783,1,0.77480,0.55323,19.87179,0.94783,1,0,0.00000,12,4.26250,1,4.52829,1,0.00000,0,0.00000,0,0.00000,0,1,1,0,0.00000,0,,0.00000,0.00000,
1,NewMedia0,541,8.96985,55508363181,0.53731,0.54436,8.23773,0.73212,16,1,0.53194,0.61861,1,0.36042,0.24815,0,,0.52937,0.63207,1,0.53452,0.60516,1,0.38610,0.54050,18.29656,0.94783,1,0.77456,0.55316,19.98918,0.94022,1,0,0.00000,12,4.26112,1,4.53097,1,0.00000,0,0.00000,0,0.00000,0,1,1,0,0.00000,0,,0.00000,0.00000,
1,NewMedia0,542,8.98358,55508500402,0.53709,0.54603,8.23773,0.74585,16,1,0.52682,0.62470,1,0.36042,0.24815,0,,0.51949,0.63353,1,0.53414,0.61587,1,0.38604,0.54044,18.29779,0.94022,1,0.77455,0.55320,19.95383,0.93262,1,0,0.00000,12,4.27426,1,4.52900,1,0.00000,0,0.00000,0,0.00000,0,1,1,0,0.00000,0,,0.00000,0.00000,
1,NewMedia0,543,9.00226,55508687661,0.53624,0.54796,8.23773,0.76453,16,1,0.52680,0.62446,1,0.36042,0.24815,0,,0.51946,0.63327,1,0.53415,0.61565,1,0.38599,0.54038,18.29015,0.94043,1,0.77449,0.55315,19.91479,0.93283,1,0,0.00000,12,4.28334,1,4.55893,1,0.00000,0,0.00000,0,0.00000,0,1,1,0,0.00000,0,,0.00000,0.00000,
1,NewMedia0,544,9.02454,55508910365,0.53545,0.54910,8.23773,0.78680,16,1,0.53725,0.57360,1,0.36042,0.24815,0,,0.51258,0.64444,1,0.56192,0.50276,1,0.38597,0.54049,18.28875,0.94064,1,0.77450,0.55312,19.94312,0.94064,1,0,0.00000,12,4.27709,1,4.55910,1,0.00000,0,0.00000,0,0.00000,0,1,1,0,0.00000,0,,0.00000,0.00000,
1,NewMedia0,545,9.04987,55509163596,0.53492,0.54849,8.23773,0.81213,16,1,0.53844,0.52921,1,0.36042,0.24815,0,,0.51166,0.55239,1,0.56522,0.50604,1,0.38599,0.54038,18.29015,0.94845,1,0.77446,0.55317,19.88652,0.94845,1,0,0.00000,12,4.28376,1,4.55171,1,0.00000,0,0.00000,0,0.00000,0,1,1,0,0.00000,0,,0.00000,0.00000,
1,NewMedia0,546,9.05151,55509179722,0.53438,0.54729,8.23773,0.81378,16,1,0.53831,0.51491,1,0.36042,0.24815,0,,0.51025,0.54214,1,0.56638,0.48768,1,0.38607,0.54047,18.37698,0.95626,1,0.77452,0.55319,19.92412,0.96387,1,0,0.00000,12,4.30395,1,4.58178,1,0.00000,0,0.00000,0,0.00000,0,1,1,0,0.00000,0,,0.00000,0.00000,
1,NewMedia0,547,9.05829,55509247799,0.53447,0.54579,8.23773,0.82056,16,1,0.54772,0.50221,1,0.36042,0.24815,0,,0.51611,0.51486,1,0.57932,0.48956,1,0.38615,0.54055,18.35156,0.96387,1,0.77466,0.55357,19.96687,0.97147,1,0,0.00000,12,4.27937,1,4.52235,1,0.00000,0,0.00000,0,0.00000,0,1,1,0,0.00000,0,,0.00000,0.00000,
1,NewMedia0,548,9.08124,55509477305,0.53422,0.54440,8.23773,0.84351,16,1,0.53384,0.49203,1,0.36042,0.24815,0,,0.51844,0.46434,1,0.54925,0.51972,1,0.38615,0.54071,18.17205,0.97147,1,0.77475,0.55349,20.09582,0.97908,1,0,0.00000,12,4.30076,1,4.54066,1,0.00000,0,0.00000,0,0.00000,0,1,1,0,0.00000,0,,0.00000,0.00000,
1,NewMedia0,549,9.09271,55509592256,0.53396,0.54310,8.23773,0.85498,16,1,0.53364,0.49661,1,0.36042,0.24815,0,,0.51848,0.46462,1,0.54880,0.52859,1,0.38624,0.54088,18.36796,0.97126,1,0.77483,0.55358,20.02472,0.97126,1,0,0.00000,12,4.24783,1,4.59210,1,0.00000,0,0.00000,0,0.00000,0,1,1,0,0.00000,0,,0.00000,0.00000,
1,NewMedia0,550,9.11932,55509858205,0.53321,0.54179,8.23773,0.88159,16,1,0.51109,0.49906,1,0.36042,0.24815,0,,0.45565,0.51210,1,0.56653,0.48603,1,0.38663,0.54144,18.99380,0.96345,1,0.77507,0.55386,20.04300,0.95585,1,0,0.00000,12,4.24750,1,4.59337,1,0.00000,0,0.00000,0,0.00000,0,1,1,0,0.00000,0,,0.00000,0.00000,
1,NewMedia0,551,9.14648,55510129766,0.53330,0.54126,8.23773,0.90875,16,1,0.51870,0.51702,1,0.36042,0.24815,0,,0.46189,0.52769,1,0.57550,0.50636,1,0.38663,0.54139,18.93821,0.94804,1,0.77515,0.55411,20.28213,0.94043,1,0,0.00000,12,4.25557,1,4.58275,1,0.00000,0,0.00000,0,0.00000,0,1,1,0,0.00000,0,,0.00000,0.00000,
1,NewMedia0,552,9.17090,55510373786,0.53339,0.54061,8.23773,0.93317,16,1,0.51894,0.51077,1,0.36042,0.24815,0,,0.46159,0.52593,1,0.57628,0.49562,1,0.38686,0.54183,18.80945,0.94936,1,0.77543,0.55435,20.19699,0.94936,1,0,0.00000,12,4.33238,1,4.62470,1,0.00000,0,0.00000,0,0.00000,0,1,1,0,0.00000,0,,0.00000,0.00000,
1,NewMedia0,553,9.18579,55510522466,0.53290,0.53961,8.23773,0.94806,16,1,0.50301,0.51733,1,0.36042,0.24815,0,,0.48385,0.50472,1,0.52216,0.52994,1,0.38708,0.54194,18.96188,0.96610,1,0.77572,0.55438,20.02180,0.97371,1,0,0.00000,12,4.28315,1,4.60242,1,0.00000,0,0.00000,0,0.00000,0,1,1,0,0.00000,0,,0.00000,0.00000,
1,NewMedia0,554,9.18732,55510537768,0.53275,0.53878,8.23773,0.94958,16,1,0.51724,0.48184,1,0.36042,0.24815,0,,0.49307,0.48624,1,0.54141,0.47744,1,0.38708,0.54187,19.00146,0.99045,1,0.77589,0.55463,20.28591,0.99805,1,0,0.00000,12,4.22796,1,4.59783,1,0.00000,0,0.00000,0,0.00000,0,1,1,0,0.00000,0,,42.73742,221.03578,
1,NewMedia0,555,9.19885,55510653488,0.52624,0.50892,8.23773,0.94958,16,0,0.51670,0.47243,1,0.36042,0.24815,0,,0.49163,0.47621,1,0.54178,0.46865,1,0.38733,0.54171,18.67960,0.99805,1,0.77591,0.55462,20.33723,1.00565,1,0,0.00000,12,4.33433,1,4.60947,1,0.00000,0,0.00000,0,0.00000,0,1,1,0,0.00000,0,,0.00000,0.00000,
1,NewMedia0,556,9.23657,55511030364,0.51813,0.50375,8.23773,0.94958,16,0,0.51002,0.49858,1,0.36042,0.24815,0,,0.45197,0.50383,1,0.56808,0.49332,1,0.38794,0.54179,18.71048,0.98891,1,0.77638,0.55487,20.20652,0.98891,1,0,0.00000,12,4.27021,1,4.61961,1,0.00000,0,0.00000,0,0.00000,0,1,1,0,0.00000,0,,0.00000,0.00000,
1,NewMedia0,557,9.23871,55511051829,0.52511,0.50806,8.23773,0.94958,16,0,0.53908,0.51667,1,0.36042,0.24815,0,,0.48024,0.51078,1,0.59793,0.52257,1,0.38799,0.54192,18.97917,0.97217,1,0.77662,0.55492,20.46968,0.97217,1,0,0.00000,12,4.26106,1,4.59317,1,0.00000,0,0.00000,0,0.00000,0,1,1,0,0.00000,0,,0.00000,0.00000,
1,NewMedia0,558,9.24249,55511089718,0.52861,0.51406,9.19885,0.04364,17,1,0.53911,0.53206,1,0.36042,0.24815,0,,0.48207,0.52253,1,0.59616,0.54159,1,0.38841,0.54194,18.96188,0.96324,1,0.77684,0.55479,20.16199,0.95564,1,0,0.00000,12,4.28545,1,4.60003,1,0.00000,0,0.00000,0,0.00000,0,1,1,0,0.00000,0,,0.00000,0.00000,
1,NewMedia0,559,9.25555,55511220143,0.52755,0.51770,9.19885,0.05670,17,1,0.52330,0.53230,1,0.36042,0.24815,0,,0.50765,0.50641,1,0.53895,0.55818,1,0.38862,0.54178,18.96174,0.96345,1,0.77729,0.55481,20.34249,0.95585,1,0,0.00000,12,4.26982,1,4.57431,1,0.00000,0,0.00000,0,0.00000,0,1,1,0,0.00000,0,,0.00000,0.00000,
1,NewMedia0,560,9.31683,55511832918,0.52635,0.51939,9.19885,0.11798,17,1,0.52033,0.52784,1,0.36042,0.24815,0,,0.48479,0.52452,1,0.55587,0.53115,1,0.38900,0.54170,18.65054,0.96366,1,0.77746,0.55478,20.25836,0.95606,1,0,0.00000,12,4.27057,1,4.61181,1,0.00000,0,0.00000,0,0.00000,0,1,1,0,0.00000,0,,0.00000,0.00000,
1,NewMedia0,561,9.32141,55511878998,0.52564,0.52060,9.19885,0.12256,17,1,0.52138,0.52782,1,0.36042,0.24815,0,,0.48633,0.53451,1,0.55643,0.52114,1,0.38931,0.54151,18.86129,0.95606,1,0.77764,0.55494,20.21579,0.96475,1,0,0.00000,12,4.28673,1,4.61550,1,0.00000,0,0.00000,0,0.00000,0,1,1,0,0.00000,0,,0.00000,0.00000,
1,NewMedia0,563,9.32556,55511920238,0.52692,0.52654,9.19885,0.12671,17,1,0.53767,0.53475,1,0.36042,0.24815,0,,0.48198,0.52829,1,0.59336,0.54121,1,0.38963,0.54178,18.87907,0.96542,1,0.77792,0.55503,20.28695,0.98171,1,0,0.00000,12,4.27503,1,4.65599,1,0.00000,0,0.00000,0,0.00000,0,1,1,0,0.00000,0,,0.00000,0.00000,
1,NewMedia0,564,9.37177,55512382683,0.52773,0.52436,9.19885,0.17291,17,1,0.53503,0.50474,1,0.36042,0.24815,0,,0.47726,0.55467,1,0.59280,0.45481,1,0.38960,0.54187,18.74984,0.97390,1,0.77805,0.55520,20.31579,0.99019,1,0,0.00000,12,4.28211,1,4.59173,1,0.00000,0,0.00000,0,0.00000,0,1,1,0,0.00000,0,,0.00000,0.00000,
1,NewMedia0,565,9.37366,55512401196,0.52743,0.52095,9.19885,0.17480,17,1,0.52444,0.48684,1,0.36042,0.24815,0,,0.48493,0.51013,1,0.56395,0.46356,1,0.38963,0.54191,18.74593,0.99019,1,0.77806,0.55510,20.19807,0.99019,1,0,0.00000,12,4.27494,1,4.69363,1,0.00000,0,0.00000,0,0.00000,0,1,1,0,0.00000,0,,0.00000,0.00000,
1,NewMedia0,566,9.39850,55512649582,0.52705,0.51718,9.19885,0.19965,17,1,0.52281,0.47576,1,0.36042,0.24815,0,,0.48165,0.48848,1,0.56398,0.46303,1,0.38989,0.54234,18.43035,1.00693,1,0.77852,0.55533,19.90336,0.99064,1,0,0.00000,12,4.38424,1,4.64017,1,0.00000,0,0.00000,0,0.00000,0,1,1,0,0.00000,0,,0.00000,0.00000,
1,NewMedia0,567,9.40588,55512723549,0.52829,0.51545,9.19885,0.20703,17,1,0.54316,0.49469,1,0.36042,0.24815,0,,0.50668,0.52571,1,0.57964,0.46368,1,0.38998,0.54243,18.35362,1.00738,1,0.77849,0.55534,19.86926,0.99109,1,0,0.00000,12,4.33994,1,4.62884,1,0.00000,0,0.00000,0,0.00000,0,1,1,0,0.00000,0,,0.00000,0.00000,
1,NewMedia0,568,9.45447,55513209565,0.52848,0.51314,9.19885,0.25562,17,1,0.53098,0.48305,1,0.36042,0.24815,0,,0.46954,0.52616,1,0.59242,0.43994,1,0.39009,0.54248,18.58315,1.00783,1,0.77869,0.55527,20.22082,0.99153,1,0,0.00000,12,4.27685,1,4.58946,1,0.00000,0,0.00000,0,0.00000,0,1,1,0,0.00000,0,,0.00000,0.00000,
1,NewMedia0,569,9.45789,55513243471,0.52873,0.51216,9.19885,0.25903,17,1,0.53223,0.49852,1,0.36042,0.24815,0,,0.47290,0.54655,1,0.59156,0.45048,1,0.39035,0.54249,18.77807,0.99153,1,0.77887,0.55536,20.25643,0.98284,1,0,0.00000,12,4.32479,1,4.61119,1,0.00000,0,0.00000,0,0.00000,0,1,1,0,0.00000,0,,0.00000,0.00000,
1,NewMedia0,570,9.45911,55513256086,0.52933,0.51318,9.19885,0.26025,17,1,0.53839,0.52840,1,0.36042,0.24815,0,,0.50763,0.56768,1,0.56915,0.48912,1,0.39054,0.54249,18.66401,0.96610,1,0.77899,0.55530,20.22050,0.97371,1,0,0.00000,12,4.28122,1,4.65167,1,0.00000,0,0.00000,0,0.00000,0,1,1,0,0.00000,0,,0.00000,0.00000,
1,NewMedia0,571,9.47375,55513402152,0.52919,0.51516,9.19885,0.27490,17,1,0.52693,0.54692,1,0.36042,0.24815,0,,0.47784,0.58982,1,0.57601,0.50401,1,0.39078,0.54246,18.65357,0.95696,1,0.77918,0.55534,20.18675,0.96457,1,0,0.00000,12,4.26068,1,4.58290,1,0.00000,0,0.00000,0,0.00000,0,1,1,0,0.00000,0,,0.00000,0.00000,
1,NewMedia0,572,9.50226,55513687392,0.52910,0.51754,9.19885,0.30341,17,1,0.52750,0.55801,1,0.36042,0.24815,0,,0.47975,0.60127,1,0.57524,0.51475,1,0.39084,0.54237,18.65450,0.94783,1,0.77930,0.55532,20.19955,0.95543,1,0,0.00000,12,4.27169,1,4.61040,1,0.00000,0,0.00000,0,0.00000,0,1,1,0,0.00000,0,,0.00000,0.00000,
1,NewMedia0,573,9.50372,55513702006,0.52918,0.51963,9.19885,0.30487,17,1,0.53059,0.55720,1,0.36042,0.24815,0,,0.49348,0.58942,1,0.56771,0.52499,1,0.39089,0.54238,18.47636,0.95543,1,0.77978,0.55542,20.02359,0.95543,1,0,0.00000,12,4.26097,1,4.63533,1,0.00000,0,0.00000,0,0.00000,0,1,1,0,0.00000,0,,0.00000,0.00000,
1,NewMedia0,574,9.55902,55514255240,0.52992,0.52211,9.19885,0.36017,17,1,0.54404,0.56921,1,0.36042,0.24815,0,,0.51030,0.60289,1,0.57778,0.53552,1,0.39130,0.54271,18.47248,0.95543,1,0.77984,0.55562,20.08054,0.95543,1,0,0.00000,12,4.38497,1,4.62572,1,0.00000,0,0.00000,0,0.00000,0,1,1,0,0.00000,0,,0.00000,0.00000,
1,NewMedia0,575,9.56268,55514291391,0.53059,0.52435,9.19885,0.36383,17,1,0.54404,0.56921,1,0.36042,0.24815,0,,0.51030,0.60289,1,0.57778,0.53552,1,0.39133,0.54267,18.47492,0.95543,1,0.78015,0.55597,20.20943,0.95543,1,0,0.00000,12,4.27887,1,4.60955,1,0.00000,0,0.00000,0,0.00000,0,1,1,0,0.00000,0,,0.00000,0.00000,
1,NewMedia0,576,9.56714,55514336263,0.53090,0.52650,9.19885,0.36829,17,1,0.53749,0.57164,1,0.36042,0.24815,0,,0.50615,0.61318,1,0.56883,0.53010,1,0.39164,0.54258,18.73807,0.95543,1,0.78032,0.55600,20.24070,0.95543,1,0,0.00000,12,4.29867,1,4.63794,1,0.00000,0,0.00000,0,0.00000,0,1,1,0,0.00000,0,,0.00000,0.00000,
1,NewMedia0,577,9.56885,55514353543,0.53148,0.52695,9.19885,0.37000,17,1,0.54419,0.53674,1,0.36042,0.24815,0,,0.50827,0.59302,1,0.58010,0.48045,1,0.39184,0.54260,18.77308,0.95543,1,0.78046,0.55597,20.31407,0.95543,1,0,0.00000,12,4.35178,1,4.63688,1,0.00000,0,0.00000,0,0.00000,0,1,1,0,0.00000,0,,0.00000,0.00000,
1,NewMedia0,578,9.59033,55514568302,0.53200,0.52755,9.19885,0.39148,17,1,0.54385,0.54135,1,0.36042,0.24815,0,,0.50827,0.59302,1,0.57942,0.48967,1,0.39211,0.54261,18.71200,0.95543,1,0.78083,0.55588,20.15393,0.94783,1,0,0.00000,12,4.28606,1,4.66214,1,0.00000,0,0.00000,0,0.00000,0,1,1,0,0.00000,0,,0.00000,0.00000,
1,NewMedia0,579,9.60950,55514760041,0.53164,0.52952,9.19885,0.41064,17,1,0.52298,0.57685,1,0.36042,0.24815,0,,0.48498,0.57461,1,0.56098,0.57909,1,0.39231,0.54240,18.36623,0.94783,1,0.78105,0.55595,20.43898,0.94022,1,0,0.00000,12,4.36367,1,4.57324,1,0.00000,0,0.00000,0,0.00000,0,1,1,0,0.00000,0,,0.00000,0.00000,
1,NewMedia0,580,9.63214,55514985993,0.53192,0.53140,9.19885,0.43329,17,1,0.53896,0.57840,1,0.36042,0.24815,0,,0.50315,0.58992,1,0.57478,0.56688,1,0.39254,0.54250,18.42612,0.94022,1,0.78114,0.55594,20.24175,0.93262,1,0,0.00000,12,4.44050,1,4.59196,1,0.00000,0,0.00000,0,0.00000,0,1,1,0,0.00000,0,,8.12808,101.30647,
1,NewMedia0,581,9.63361,55515000913,0.53649,0.55934,9.19885,0.43329,17,0,0.53895,0.57815,1,0.36042,0.24815,0,,0.50311,0.58966,1,0.57480,0.56664,1,0.39259,0.54226,18.60283,0.94043,1,0.78129,0.55559,20.06660,0.93283,1,0,0.00000,12,4.37259,1,4.62150,1,0.00000,0,0.00000,0,0.00000,0,1,1,0,0.00000,0,,0.00000,0.00000,
1,NewMedia0,582,9.68658,55515530432,0.53956,0.56088,9.19885,0.43329,17,0,0.54263,0.56242,1,0.36042,0.24815,0,,0.51003,0.59474,1,0.57524,0.53011,1,0.39263,0.54220,18.74329,0.94064,1,0.78138,0.55545,20.13557,0.94064,1,0,0.00000,12,4.34261,1,4.55898,1,0.00000,0,0.00000,0,0.00000,0,1,1,0,0.00000,0,,0.00000,0.00000,
1,NewMedia0,583,9.70453,55515709999,0.54169,0.55563,9.19885,0.43329,17,0,0.54594,0.54514,1,0.36042,0.24815,0,,0.51207,0.55248,1,0.57982,0.53780,1,0.39266,0.54205,18.85354,0.94845,1,0.78142,0.55552,20.04685,0.94845,1,0,0.00000,12,4.38207,1,4.62602,1,0.00000,0,0.00000,0,0.00000,0,1,1,0,0.00000,0,,0.00000,0.00000,
1,NewMedia0,584,9.70770,55515741938,0.54267,0.55060,9.63361,0.07410,18,1,0.54559,0.53549,1,0.36042,0.24815,0,,0.51067,0.54223,1,0.58052,0.52874,1,0.39264,0.54206,18.85822,0.95626,1,0.78147,0.55575,20.31907,0.95626,1,0,0.00000,12,4.37496,1,4.63414,1,0.00000,0,0.00000,0,0.00000,0,1,1,0,0.00000,0,,0.00000,0.00000,
1,NewMedia0,585,9.71008,55515765508,0.54321,0.55130,9.63361,0.07648,18,1,0.54539,0.55411,1,0.36042,0.24815,0,,0.51228,0.57798,1,0.57849,0.53023,1,0.39263,0.54196,18.80987,0.95626,1,0.78141,0.55532,20.26950,0.95626,1,0,0.00000,12,4.36426,1,4.55756,1,0.00000,0,0.00000,0,0.00000,0,1,1,0,0.00000,0,,0.00000,0.00000,
1,NewMedia0,586,9.72852,55515949736,0.54295,0.54652,9.63361,0.09491,18,1,0.54166,0.52262,1,0.36042,0.24815,0,,0.50253,0.56225,1,0.58079,0.48300,1,0.39263,0.54196,18.80987,0.95626,1,0.78143,0.55527,20.22458,0.95626,1,0,0.00000,12,4.36401,1,4.63290,1,0.00000,0,0.00000,0,0.00000,0,1,1,0,0.00000,0,,0.00000,0.00000,
1,NewMedia0,587,9.73413,55516006181,0.54282,0.54245,9.63361,0.10052,18,1,0.54200,0.51803,1,0.36042,0.24815,0,,0.50253,0.56225,1,0.58148,0.47380,1,0.39261,0.54186,18.85099,0.95626,1,0.78134,0.55508,20.34150,0.96387,1,0,0.00000,12,4.35680,1,4.60776,1,0.00000,0,0.00000,0,0.00000,0,1,1,0,0.00000,0,,0.00000,0.00000,
1,NewMedia0,588,9.75635,55516228321,0.54064,0.53918,9.63361,0.12274,18,1,0.52541,0.51627,1,0.36042,0.24815,0,,0.49849,0.49971,1,0.55232,0.53283,1,0.39264,0.54179,19.14941,0.96387,1,0.78137,0.55497,20.38233,0.97147,1,0,0.00000,12,4.30008,1,4.59608,1,0.00000,0,0.00000,0,0.00000,0,1,1,0,0.00000,0,,0.00000,0.00000,
1,NewMedia0,589,9.77600,55516424843,0.53940,0.53380,9.63361,0.14240,18,1,0.52947,0.49076,1,0.36042,0.24815,0,,0.50493,0.46421,1,0.55401,0.51731,1,0.39271,0.54146,19.38403,0.97147,1,0.78138,0.55492,20.44501,0.97908,1,0,0.00000,12,4.32428,1,4.59379,1,0.00000,0,0.00000,0,0.00000,0,1,1,0,0.00000,0,,0.00000,0.00000,
1,NewMedia0,590,9.82672,55516932323,0.53831,0.52742,9.63361,0.19312,18,1,0.52847,0.47001,1,0.36042,0.24815,0,,0.50190,0.44155,1,0.55503,0.49847,1,0.39273,0.54128,19.14184,0.98801,1,0.78151,0.55491,20.28153,0.99561,1,0,0.00000,12,4.33792,1,4.64703,1,0.00000,0,0.00000,0,0.00000,0,1,1,0,0.00000,0,,0.00000,0.00000,
1,NewMedia0,591,9.84009,55517065921,0.53778,0.52694,9.63361,0.20648,18,1,0.53256,0.52213,1,0.36042,0.24815,0,,0.50768,0.56454,1,0.55744,0.47971,1,0.39266,0.54085,18.40097,1.00454,1,0.78157,0.55472,20.13364,1.00454,1,0,0.00000,12,4.36401,1,4.62455,1,0.00000,0,0.00000,0,0.00000,0,1,1,0,0.00000,0,,0.00000,0.00000,
1,NewMedia0,592,9.84357,55517100471,0.53668,0.52103,9.63361,0.20996,18,1,0.52449,0.45600,1,0.36042,0.24815,0,,0.49926,0.43902,1,0.54973,0.47298,1,0.39266,0.54085,18.40097,1.01347,1,0.78150,0.55478,20.17585,1.01347,1,0,0.00000,12,4.36484,1,4.70203,1,0.00000,0,0.00000,0,0.00000,0,1,1,0,0.00000,0,,0.00000,0.00000,
1,NewMedia0,593,9.86188,55517283676,0.53570,0.51517,9.63361,0.22827,18,1,0.52394,0.44492,1,0.36042,0.24815,0,,0.49765,0.42707,1,0.55022,0.46276,1,0.39260,0.54080,18.49228,1.02240,1,0.78139,0.55468,20.30650,1.02240,1,0,0.00000,12,4.37350,1,4.65046,1,0.00000,0,0.00000,0,0.00000,0,1,1,0,0.00000,0,,0.00000,0.00000,
1,NewMedia0,594,9.86389,55517303882,0.53340,0.51106,9.63361,0.23029,18,1,0.50360,0.45762,1,0.36042,0.24815,0,,0.47691,0.48219,1,0.53028,0.43305,1,0.39236,0.54090,18.33026,1.02240,1,0.78127,0.55467,20.34313,1.02240,1,0,0.00000,12,4.41963,1,4.62125,1,0.00000,0,0.00000,0,0.00000,0,1,1,0,0.00000,0,,0.00000,0.00000,
1,NewMedia0,595,9.86554,55517320063,0.53314,0.50571,9.63361,0.23193,18,1,0.52950,0.43084,1,0.36042,0.24815,0,,0.45469,0.39466,1,0.60431,0.46702,1,0.39240,0.54148,19.38445,1.02240,1,0.78122,0.55467,20.29695,1.02240,1,0,0.00000,12,4.36317,1,4.61853,1,0.00000,0,0.00000,0,0.00000,0,1,1,0,0.00000,0,,0.00000,0.00000,
1,NewMedia0,596,9.89532,55517618152,0.53297,0.50235,9.63361,0.26172,18,1,0.53041,0.45185,1,0.36042,0.24815,0,,0.45832,0.41741,1,0.60251,0.48629,1,0.39214,0.54123,19.59493,1.00565,1,0.78092,0.55460,20.17872,1.00565,1,0,0.00000,12,4.26888,1,4.68709,1,0.00000,0,0.00000,0,0.00000,0,1,1,0,0.00000,0,,0.00000,0.00000,
1,NewMedia0,597,9.89655,55517630293,0.53401,0.50099,9.63361,0.26294,18,1,0.55058,0.47928,1,0.36042,0.24815,0,,0.52001,0.46043,1,0.58115,0.49813,1,0.39200,0.54134,19.12337,0.98891,1,0.78078,0.55438,19.97364,0.98891,1,0,0.00000,12,4.29132,1,4.67149,1,0.00000,0,0.00000,0,0.00000,0,1,1,0,0.00000,0,,0.00000,0.00000,
1,NewMedia0,598,9.91223,55517787227,0.53418,0.49904,9.63361,0.27863,18,1,0.53712,0.46589,1,0.36042,0.24815,0,,0.50601,0.43486,1,0.56823,0.49693,1,0.39153,0.54117,19.25333,0.97217,1,0.78070,0.55437,20.06953,0.97217,1,0,0.00000,12,4.31426,1,4.65440,1,0.00000,0,0.00000,0,0.00000,0,1,1,0,0.00000,0,,35.21719,82.92250,
1,NewMedia0,599,9.96100,55518275016,0.52943,0.47191,9.63361,0.27863,18,0,0.53759,0.47738,1,0.36042,0.24815,0,,0.50764,0.44737,1,0.56755,0.50739,1,0.39148,0.54138,19.24355,0.96324,1,0.78057,0.55446,20.25865,0.96324,1,0,0.00000,12,4.37400,1,4.68407,1,0.00000,0,0.00000,0,0.00000,0,1,1,0,0.00000,0,,0.00000,0.00000,
1,NewMedia0,600,9.97510,55518415628,0.52699,0.46945,9.63361,0.27863,18,0,0.52454,0.46699,1,0.36042,0.24815,0,,0.49277,0.42761,1,0.55631,0.50638,1,0.39123,0.54113,19.28454,0.97106,1,0.78028,0.55411,20.16624,0.97106,1,0,0.00000,12,4.27433,1,4.67446,1,0.00000,0,0.00000,0,0.00000,0,1,1,0,0.00000,0,,0.00000,0.00000,
1,NewMedia0,601,9.97870,55518451630,0.52618,0.47160,9.63361,0.27863,18,0,0.52458,0.47591,1,0.36042,0.24815,0,,0.49601,0.47237,1,0.55315,0.47944,1,0.39111,0.54076,18.37505,0.97887,1,0.78016,0.55423,20.22042,0.97887,1,0,0.00000,12,4.36461,1,4.66826,1,0.00000,0,0.00000,0,0.00000,0,1,1,0,0.00000,0,,0.00000,0.00000,
1,NewMedia0,602,9.98102,55518474843,0.52566,0.47021,9.96100,0.02002,19,1,0.52408,0.46603,1,0.36042,0.24815,0,,0.49454,0.46183,1,0.55363,0.47023,1,0.39099,0.54046,18.29417,0.98668,1,0.78005,0.55436,20.49867,0.98668,1,0,0.00000,12,4.38878,1,4.64635,1,0.00000,0,0.00000,0,0.00000,0,1,1,0,0.00000,0,,0.00000,0.00000,
1,NewMedia0,603,10.00110,55518676084,0.52425,0.47151,9.96100,0.04010,19,1,0.51863,0.47669,1,0.36042,0.24815,0,,0.49027,0.48709,1,0.54700,0.46628,1,0.39100,0.54044,18.32067,0.98668,1,0.78021,0.55423,20.42939,0.98668,1,0,0.00000,12,4.38418,1,4.64933,1,0.00000,0,0.00000,0,0.00000,0,1,1,0,0.00000,0,,0.00000,0.00000,
1,NewMedia0,604,10.03485,55519013264,0.52283,0.47789,9.96100,0.07385,19,1,0.51573,0.50981,1,0.36042,0.24815,0,,0.48945,0.57117,1,0.54200,0.44846,1,0.39099,0.54059,18.48274,0.98668,1,0.78021,0.55423,20.43776,0.98668,1,0,0.00000,12,4.36380,1,4.64560,1,0.00000,0,0.00000,0,0.00000,0,1,1,0,0.00000,0,,0.00000,0.00000,
1,NewMedia0,605,10.03888,55519053544,0.52179,0.48310,9.96100,0.07788,19,1,0.51554,0.51437,1,0.36042,0.24815,0,,0.48945,0.57117,1,0.54163,0.45758,1,0.39100,0.54037,18.54555,0.98668,1,0.78018,0.55422,20.39365,0.97908,1,0,0.00000,12,4.35718,1,4.64444,1,0.00000,0,0.00000,0,0.00000,0,1,1,0,0.00000,0,,0.00000,0.00000,
1,NewMedia0,606,10.06757,55519340604,0.52027,0.48818,9.96100,0.10657,19,1,0.50959,0.52374,1,0.36042,0.24815,0,,0.48574,0.59270,1,0.53345,0.45478,1,0.39101,0.54032,18.61306,0.97908,1,0.78009,0.55406,20.18233,0.97147,1,0,0.00000,12,4.35363,1,4.64955,1,0.00000,0,0.00000,0,0.00000,0,1,1,0,0.00000,0,,0.00000,0.00000,
1,NewMedia0,607,10.06879,55519352483,0.51878,0.49405,9.96100,0.10779,19,1,0.50693,0.54099,1,0.36042,0.24815,0,,0.48123,0.58119,1,0.53262,0.50080,1,0.39101,0.54032,18.61306,0.97147,1,0.77992,0.55418,20.53656,0.96387,1,0,0.00000,12,4.35556,1,4.62408,1,0.00000,0,0.00000,0,0.00000,0,1,1,0,0.00000,0,,0.00000,0.00000,
1,NewMedia0,608,10.07672,55519432209,0.51772,0.50061,9.96100,0.11572,19,1,0.50818,0.55960,1,0.36042,0.24815,0,,0.48436,0.60036,1,0.53199,0.51884,1,0.39099,0.54024,18.55690,0.95606,1,0.77984,0.55428,20.49149,0.94845,1,0,0.00000,12,4.35464,1,4.66616,1,0.00000,0,0.00000,0,0.00000,0,1,1,0,0.00000,0,,0.00000,0.00000,
1,NewMedia0,609,10.11096,55519774247,0.51974,0.50555,9.96100,0.14996,19,1,0.53996,0.55495,1,0.36042,0.24815,0,,0.47760,0.61119,1,0.60231,0.49871,1,0.39083,0.54028,18.65836,0.94064,1,0.77982,0.55435,20.40913,0.94064,1,0,0.00000,12,4.25858,1,4.67015,1,0.00000,0,0.00000,0,0.00000,0,1,1,0,0.00000,0,,0.00000,0.00000,
1,NewMedia0,610,10.11365,55519801322,0.52111,0.51107,9.96100,0.15265,19,1,0.53611,0.57181,1,0.36042,0.24815,0,,0.47702,0.61683,1,0.59520,0.52679,1,0.39070,0.54039,18.60490,0.93283,1,0.77968,0.55398,20.40062,0.93283,1,0,0.00000,12,4.31955,1,4.74732,1,0.00000,0,0.00000,0,0.00000,0,1,1,0,0.00000,0,,0.00000,0.00000,
1,NewMedia0,611,10.13428,55520007507,0.52233,0.51613,9.96100,0.17328,19,1,0.53694,0.57684,1,0.36042,0.24815,0,,0.47871,0.62664,1,0.59517,0.52704,1,0.39061,0.54034,18.56885,0.92501,1,0.77939,0.55395,20.55863,0.93262,1,0,0.00000,12,4.35741,1,4.68368,1,0.00000,0,0.00000,0,0.00000,0,1,1,0,0.00000,0,,0.00000,0.00000,
1,NewMedia0,612,10.17133,55520378232,0.52473,0.51995,9.96100,0.21033,19,1,0.55599,0.56965,1,0.36042,0.24815,0,,0.52769,0.63326,1,0.58430,0.50603,1,0.39043,0.54029,18.69001,0.93262,1,0.77934,0.55407,20.25575,0.94022,1,0,0.00000,12,4.31376,1,4.67521,1,0.00000,0,0.00000,0,0.00000,0,1,1,0,0.00000,0,,0.00000,0.00000,
1,NewMedia0,613,10.17426,55520407666,0.52618,0.52306,9.96100,0.21326,19,1,0.54650,0.56656,1,0.36042,0.24815,0,,0.52322,0.62175,1,0.56977,0.51137,1,0.39032,0.54030,18.63884,0.94022,1,0.77935,0.55418,20.29417,0.94783,1,0,0.00000,12,4.33522,1,4.70688,1,0.00000,0,0.00000,0,0.00000,0,1,1,0,0.00000,0,,0.00000,0.00000,
1,NewMedia0,614,10.18005,55520465123,0.52741,0.52460,9.96100,0.21906,19,1,0.54580,0.54777,1,0.36042,0.24815,0,,0.52059,0.60247,1,0.57101,0.49307,1,0.39009,0.54026,18.29320,0.95564,1,0.77930,0.55412,20.27065,0.96324,1,0,0.00000,12,4.32795,1,4.74341,1,0.00000,0,0.00000,0,0.00000,0,1,1,0,0.00000,0,,0.00000,0.00000,
1,NewMedia0,615,10.22845,55520949591,0.52805,0.52670,9.96100,0.26746,19,1,0.53828,0.56032,1,0.36042,0.24815,0,,0.51087,0.57607,1,0.56570,0.54457,1,0.38994,0.54022,18.34820,0.97106,1,0.77904,0.55391,20.24536,0.97106,1,0,0.00000,12,4.32729,1,4.65895,1,0.00000,0,0.00000,0,0.00000,0,1,1,0,0.00000,0,,32.10775,248.49603,
1,NewMedia0,617,10.23987,55521063500,0.52804,0.54561,9.96100,0.26746,19,0,0.52557,0.53870,1,0.36042,0.24815,0,,0.50084,0.56971,1,0.55030,0.50769,1,0.38982,0.54009,18.66646,0.98668,1,0.77889,0.55378,20.36176,0.97908,1,0,0.00000,12,4.33344,1,4.66205,1,0.00000,0,0.00000,0,0.00000,0,1,1,0,0.00000,0,,0.00000,0.00000,
1,NewMedia0,618,10.24219,55521087013,0.52892,0.53578,9.96100,0.26746,19,0,0.53068,0.51611,1,0.36042,0.24815,0,,0.48623,0.54210,1,0.57512,0.49011,1,0.38981,0.54004,18.68639,0.97908,1,0.77872,0.55383,20.08001,0.97147,1,0,0.00000,12,4.37173,1,4.75794,1,0.00000,0,0.00000,0,0.00000,0,1,1,0,0.00000,0,,0.00000,0.00000,
1,NewMedia0,619,10.25720,55521236789,0.53045,0.53874,10.23022,0.02698,20,1,0.53506,0.54761,1,0.36042,0.24815,0,,0.49078,0.56891,1,0.57935,0.52632,1,0.38977,0.53998,18.66393,0.97147,1,0.77896,0.55367,19.96588,0.96387,1,0,0.00000,12,4.36372,1,4.74594,1,0.00000,0,0.00000,0,0.00000,0,1,1,0,0.00000,0,,0.00000,0.00000,
1,NewMedia0,620,10.30658,55521730460,0.53152,0.54147,10.23022,0.07635,20,1,0.53581,0.55240,1,0.36042,0.24815,0,,0.49226,0.57848,1,0.57935,0.52632,1,0.38975,0.54002,18.75838,0.96387,1,0.77864,0.55365,20.50185,0.96387,1,0,0.00000,12,4.34181,1,4.68338,1,0.00000,0,0.00000,0,0.00000,0,1,1,0,0.00000,0,,0.00000,0.00000,
1,NewMedia0,621,10.32623,55521927138,0.53022,0.54015,10.23022,0.09601,20,1,0.52371,0.53355,1,0.36042,0.24815,0,,0.47215,0.56446,1,0.57527,0.50264,1,0.38963,0.53990,18.83476,0.96387,1,0.77860,0.55378,20.33504,0.97147,1,0,0.00000,12,4.29688,1,4.69034,1,0.00000,0,0.00000,0,0.00000,0,1,1,0,0.00000,0,,0.00000,0.00000,
1,NewMedia0,622,10.35266,55522191652,0.52840,0.53643,10.23022,0.12244,20,1,0.51745,0.51415,1,0.36042,0.24815,0,,0.47211,0.53693,1,0.56279,0.49138,1,0.38962,0.53994,18.75054,0.97147,1,0.77856,0.55363,20.64476,0.97908,1,0,0.00000,12,4.35068,1,4.66822,1,0.00000,0,0.00000,0,0.00000,0,1,1,0,0.00000,0,,0.00000,0.00000,
1,NewMedia0,623,10.36127,55522277313,0.52703,0.53368,10.23022,0.13104,20,1,0.51746,0.51441,1,0.36042,0.24815,0,,0.47215,0.53720,1,0.56277,0.49162,1,0.38955,0.53988,18.75753,0.97126,1,0.77844,0.55365,20.52425,0.97887,1,0,0.00000,12,4.34674,1,4.63717,1,0.00000,0,0.00000,0,0.00000,0,1,1,0,0.00000,0,,0.00000,0.00000,
1,NewMedia0,624,10.36322,55522297037,0.52652,0.53133,10.23022,0.13300,20,1,0.52245,0.51256,1,0.36042,0.24815,0,,0.48411,0.56113,1,0.56080,0.46399,1,0.38944,0.53992,18.58935,0.97106,1,0.77839,0.55372,20.46125,0.97106,1,0,0.00000,12,4.33161,1,4.64214,1,0.00000,0,0.00000,0,0.00000,0,1,1,0,0.00000,0,,0.00000,0.00000,
1,NewMedia0,625,10.36566,55522321374,0.52535,0.53106,10.23022,0.13544,20,1,0.51480,0.52856,1,0.36042,0.24815,0,,0.47087,0.56493,1,0.55873,0.49218,1,0.38955,0.53988,18.75753,0.96324,1,0.77834,0.55372,20.55029,0.96324,1,0,0.00000,12,4.34786,1,4.63764,1,0.00000,0,0.00000,0,0.00000,0,1,1,0,0.00000,0,,0.00000,0.00000,
1,NewMedia0,626,10.37921,55522456867,0.52447,0.53123,10.23022,0.14899,20,1,0.51566,0.53299,1,0.36042,0.24815,0,,0.47254,0.57485,1,0.55878,0.49114,1,0.38957,0.54009,18.60882,0.95543,1,0.77822,0.55384,20.55457,0.96412,1,0,0.00000,12,4.37234,1,4.64361,1,0.00000,0,0.00000,0,0.00000,0,1,1,0,0.00000,0,,0.00000,0.00000,
1,NewMedia0,627,10.39386,55522603731,0.52401,0.53121,10.23022,0.16364,20,1,0.51901,0.53094,1,0.36042,0.24815,0,,0.49154,0.56065,1,0.54648,0.50123,1,0.38924,0.54021,18.70389,0.96412,1,0.77809,0.55380,20.60265,0.97281,1,0,0.00000,12,4.35349,1,4.67426,1,0.00000,0,0.00000,0,0.00000,0,1,1,0,0.00000,0,,0.00000,0.00000,
1,NewMedia0,628,10.41730,55522837775,0.52416,0.53204,10.23022,0.18707,20,1,0.52596,0.54204,1,0.36042,0.24815,0,,0.49617,0.59250,1,0.55576,0.49159,1,0.38913,0.54020,18.66253,0.97281,1,0.77795,0.55365,20.63931,0.98150,1,0,0.00000,12,4.38189,1,4.73052,1,0.00000,0,0.00000,0,0.00000,0,1,1,0,0.00000,0,,0.00000,0.00000,
1,NewMedia0,629,10.42249,55522889633,0.52420,0.53171,10.23022,0.19226,20,1,0.52465,0.52732,1,0.36042,0.24815,0,,0.49304,0.57215,1,0.55625,0.48250,1,0.38927,0.54049,18.52815,0.98932,1,0.77803,0.55388,20.78804,0.98932,1,0,0.00000,12,4.43500,1,4.67295,1,0.00000,0,0.00000,0,0.00000,0,1,1,0,0.00000,0,,0.00000,0.00000,
1,NewMedia0,630,10.44873,55523152003,0.52637,0.53262,10.23022,0.21851,20,1,0.55680,0.54549,1,0.36042,0.24815,0,,0.52364,0.56047,1,0.58997,0.53052,1,0.38918,0.54057,18.62222,0.99713,1,0.77795,0.55392,20.76315,0.98844,1,0,0.00000,12,4.42204,1,4.67831,1,0.00000,0,0.00000,0,0.00000,0,1,1,0,0.00000,0,,0.00000,0.00000,
1,NewMedia0,631,10.48804,55523545035,0.52643,0.53082,10.23022,0.25781,20,1,0.52723,0.50379,1,0.36042,0.24815,0,,0.47989,0.49941,1,0.57457,0.50816,1,0.38922,0.54053,18.55150,0.99625,1,0.77796,0.55389,20.81889,0.98756,1,0,0.00000,12,4.44588,1,4.70375,1,0.00000,0,0.00000,0,0.00000,0,1,1,0,0.00000,0,,0.00000,0.00000,
1,NewMedia0,632,10.49896,55523654567,0.52648,0.52929,10.23022,0.26874,20,1,0.52728,0.50486,1,0.36042,0.24815,0,,0.48007,0.50055,1,0.57450,0.50917,1,0.38920,0.54100,19.22461,0.99537,1,0.77793,0.55387,20.71206,0.98668,1,0,0.00000,12,4.39547,1,4.70839,1,0.00000,0,0.00000,0,0.00000,0,1,1,0,0.00000,0,,0.00000,0.00000,
1,NewMedia0,633,10.50012,55523666156,0.52577,0.52827,10.23022,0.26990,20,1,0.51369,0.51092,1,0.36042,0.24815,0,,0.48268,0.50602,1,0.54470,0.51582,1,0.38922,0.54099,19.20775,0.98668,1,0.77789,0.55400,20.88874,0.98668,1,0,0.00000,12,4.39045,1,4.69264,1,0.00000,0,0.00000,0,0.00000,0,1,1,0,0.00000,0,,0.00000,0.00000,
1,NewMedia0,634,10.52734,55523938505,0.52654,0.52769,10.23022,0.29712,20,1,0.54056,0.51712,1,0.36042,0.24815,0,,0.49133,0.52282,1,0.58979,0.51142,1,0.38920,0.54117,19.25532,0.98668,1,0.77781,0.55405,20.94828,0.98668,1,0,0.00000,12,4.40018,1,4.67938,1,0.00000,0,0.00000,0,0.00000,0,1,1,0,0.00000,0,,0.00000,0.00000,
1,NewMedia0,635,10.53015,55523966422,0.52726,0.52763,10.23022,0.29993,20,1,0.54093,0.52661,1,0.36042,0.24815,0,,0.49283,0.53287,1,0.58903,0.52035,1,0.38919,0.54118,19.22698,0.97887,1,0.77801,0.55386,20.76190,0.97887,1,0,0.00000,12,4.41797,1,4.68161,1,0.00000,0,0.00000,0,0.00000,0,1,1,0,0.00000,0,,0.00000,0.00000,
1,NewMedia0,636,10.59375,55524602393,0.52662,0.52682,10.23022,0.36353,20,1,0.51377,0.51058,1,0.36042,0.24815,0,,0.46403,0.47480,1,0.56350,0.54635,1,0.38947,0.54129,19.53985,0.97106,1,0.77829,0.55416,20.72826,0.97106,1,0,0.00000,12,4.36332,1,4.73792,1,0.00000,0,0.00000,0,0.00000,0,1,1,0,0.00000,0,,0.00000,0.00000,
1,NewMedia0,638,10.59875,55524652289,0.52531,0.52561,10.23022,0.36853,20,1,0.50864,0.50567,1,0.36042,0.24815,0,,0.47317,0.49234,1,0.54411,0.51900,1,0.38965,0.54141,19.35629,0.95543,1,0.77872,0.55436,20.57960,0.95543,1,0,0.00000,12,4.38305,1,4.69237,1,0.00000,0,0.00000,0,0.00000,0,1,1,0,0.00000,0,,0.00000,0.00000,
1,NewMedia0,639,10.60205,55524685220,0.52504,0.52663,10.23022,0.37183,20,1,0.51895,0.55004,1,0.36042,0.24815,0,,0.48874,0.54801,1,0.54917,0.55208,1,0.38981,0.54169,19.32756,0.95543,1,0.77881,0.55436,20.70564,0.95543,1,0,0.00000,12,4.43867,1,4.67389,1,0.00000,0,0.00000,0,0.00000,0,1,1,0,0.00000,0,,0.00000,0.00000,
1,NewMedia0,640,10.62781,55524942821,0.52478,0.52719,10.23022,0.39758,20,1,0.51840,0.54055,1,0.36042,0.24815,0,,0.48718,0.53784,1,0.54963,0.54325,1,0.38984,0.54150,19.32269,0.96324,1,0.77905,0.55438,20.45584,0.96324,1,0,0.00000,12,4.43695,1,4.75674,1,0.00000,0,0.00000,0,0.00000,0,1,1,0,0.00000,0,,0.00000,0.00000,
1,NewMedia0,641,10.63599,55525024534,0.52479,0.52664,10.23022,0.40576,20,1,0.52524,0.51283,1,0.36042,0.24815,0,,0.49949,0.50071,1,0.55099,0.52494,1,0.38983,0.54169,19.39764,0.97106,1,0.77905,0.55438,20.45584,0.97106,1,0,0.00000,12,4.43509,1,4.75659,1,0.00000,0,0.00000,0,0.00000,0,1,1,0,0.00000,0,,0.00000,0.00000,
1,NewMedia0,642,10.66724,55525337063,0.52491,0.52588,10.23022,0.43701,20,1,0.52790,0.50609,1,0.36042,0.24815,0,,0.49172,0.50636,1,0.56408,0.50583,1,0.38988,0.54161,19.42181,0.97887,1,0.77899,0.55445,20.60305,0.97887,1,0,0.00000,12,4.44713,1,4.74688,1,0.00000,0,0.00000,0,0.00000,0,1,1,0,0.00000,0,,0.00000,0.00000,
1,NewMedia0,643,10.72205,55525885198,0.52521,0.52533,10.23022,0.49182,20,1,0.53323,0.51049,1,0.36042,0.24815,0,,0.50305,0.48708,1,0.56342,0.53390,1,0.39020,0.54173,19.40818,0.98668,1,0.77902,0.55451,20.59629,0.98668,1,0,0.00000,12,4.44759,1,4.75874,1,0.00000,0,0.00000,0,0.00000,0,1,1,0,0.00000,0,,0.00000,0.00000,
1,NewMedia0,644,10.73523,55526017099,0.52550,0.52514,10.23022,0.50500,20,1,0.53367,0.52003,1,0.36042,0.24815,0,,0.50447,0.49744,1,0.56286,0.54262,1,0.39019,0.54159,19.46462,0.97887,1,0.77905,0.55499,20.68528,0.97887,1,0,0.00000,12,4.41360,1,4.78465,1,0.00000,0,0.00000,0,0.00000,0,1,1,0,0.00000,0,,0.00000,0.00000,
1,NewMedia0,645,10.74347,55526099849,0.52533,0.52414,10.23022,0.51324,20,1,0.52036,0.49496,1,0.36042,0.24815,0,,0.46180,0.48726,1,0.57892,0.50267,1,0.39063,0.54128,18.98961,0.97106,1,0.77912,0.55474,20.72076,0.97106,1,0,0.00000,12,4.44206,1,4.80056,1,0.00000,0,0.00000,0,0.00000,0,1,1,0,0.00000,0,,0.00000,0.00000,
1,NewMedia0,646,10.76868,55526351571,0.52511,0.52374,10.23022,0.53845,20,1,0.51855,0.51171,1,0.36042,0.24815,0,,0.46353,0.49770,1,0.57357,0.52573,1,0.39102,0.54099,18.98785,0.96324,1,0.77914,0.55466,20.83400,0.96324,1,0,0.00000,12,4.40056,1,4.78745,1,0.00000,0,0.00000,0,0.00000,0,1,1,0,0.00000,0,,0.00000,0.00000,
1,NewMedia0,647,10.77246,55526389503,0.52490,0.52336,10.23022,0.54224,20,1,0.51855,0.51171,1,0.36042,0.24815,0,,0.46353,0.49770,1,0.57357,0.52573,1,0.39085,0.54110,19.50588,0.96324,1,0.77922,0.55442,20.64425,0.96324,1,0,0.00000,12,4.40507,1,4.75389,1,0.00000,0,0.00000,0,0.00000,0,1,1,0,0.00000,0,,0.00000,0.00000,
1,NewMedia0,648,10.78546,55526519257,0.52482,0.52346,10.23022,0.55524,20,1,0.52221,0.52677,1,0.36042,0.24815,0,,0.50213,0.53392,1,0.54230,0.51962,1,0.39144,0.53982,18.75382,0.97106,1,0.77933,0.55358,20.47935,0.97106,1,0,0.00000,12,4.47521,1,4.79562,1,0.00000,0,0.00000,0,0.00000,0,1,1,0,0.00000,0,,0.00000,0.00000,
1,NewMedia0,649,10.80109,55526675992,0.52507,0.52388,10.23022,0.57086,20,1,0.53342,0.53771,1,0.36042,0.24815,0,,0.51862,0.54215,1,0.54822,0.53327,1,0.39154,0.54001,18.79022,0.97887,1,0.77943,0.55361,20.46717,0.97887,1,0,0.00000,12,4.50345,1,4.85361,1,0.00000,0,0.00000,0,0.00000,0,1,1,0,0.00000,0,,0.00000,0.00000,
1,NewMedia0,650,10.86096,55527274644,0.52531,0.52428,10.23022,0.63074,20,1,0.53342,0.53771,1,0.36042,0.24815,0,,0.51862,0.54215,1,0.54822,0.53327,1,0.39172,0.53958,19.04267,0.97887,1,0.77966,0.55386,20.68802,0.97887,1,0,0.00000,12,4.50359,1,4.81785,1,0.00000,0,0.00000,0,0.00000,0,1,1,0,0.00000,0,,0.00000,0.00000,
1,NewMedia0,651,10.86340,55527298679,0.52574,0.52523,10.23022,0.63318,20,1,0.54058,0.55869,1,0.36042,0.24815,0,,0.52657,0.55476,1,0.55459,0.56262,1,0.39185,0.53976,19.03542,0.97106,1,0.78037,0.55412,20.46066,0.97106,1,0,0.00000,12,4.50006,1,4.84088,1,0.00000,0,0.00000,0,0.00000,0,1,1,0,0.00000,0,,0.00000,0.00000,
1,NewMedia0,652,10.86505,55527315524,0.52585,0.52460,10.23022,0.63483,20,1,0.53008,0.50189,1,0.36042,0.24815,0,,0.53101,0.56496,1,0.52915,0.43883,1,0.39183,0.53977,19.03747,0.96324,1,0.78047,0.55430,21.03996,0.96324,1,0,0.00000,12,4.49436,1,4.82329,1,0.00000,0,0.00000,0,0.00000,0,1,1,0,0.00000,0,,0.00000,0.00000,
1,NewMedia0,653,10.86719,55527336626,0.52597,0.52439,10.23022,0.63696,20,1,0.53042,0.51643,1,0.36042,0.24815,0,,0.53226,0.57498,1,0.52858,0.45788,1,0.39183,0.53977,19.03747,0.95543,1,0.78033,0.55335,19.71933,0.94783,1,0,0.00000,12,4.49620,1,4.69462,1,0.00000,0,0.00000,0,0.00000,0,1,1,0,0.00000,0,,0.00000,0.00000,
1,NewMedia0,654,10.88904,55527555271,0.52513,0.52444,10.23022,0.65881,20,1,0.49295,0.52652,1,0.36042,0.24815,0,,0.49295,0.52652,1,0.52858,0.45788,0,0.39192,0.53989,19.00070,0.94783,1,0.78033,0.55335,19.71933,0.94022,0,0,0.00000,12,4.56103,1,4.69462,0,0.00000,0,0.00000,0,0.00000,0,1,1,0,0.00000,0,,0.00000,0.00000,
1,NewMedia0,655,10.91992,55527863938,0.52460,0.52465,10.23022,0.68970,20,1,0.50422,0.53287,1,0.36042,0.24815,0,,0.50422,0.53287,1,0.52858,0.45788,0,0.39203,0.54005,18.94056,0.94022,1,0.78033,0.55335,19.71933,0.93262,0,0,0.00000,12,4.51651,1,4.69462,0,0.00000,0,0.00000,0,0.00000,0,1,1,0,0.00000,0,,0.00000,0.00000,
1,NewMedia0,656,10.92175,55527882652,0.52411,0.52485,10.23022,0.69153,20,1,0.50418,0.53259,1,0.36042,0.24815,0,,0.50418,0.53259,1,0.52858,0.45788,0,0.39205,0.53999,18.92544,0.94043,1,0.78033,0.55335,19.71933,0.93283,0,0,0.00000,12,4.50860,1,4.69462,0,0.00000,0,0.00000,0,0.00000,0,1,1,0,0.00000,0,,0.00000,0.00000,
1,NewMedia0,657,10.94720,55528136907,0.52319,0.52494,10.23022,0.71698,20,1,0.48576,0.52891,1,0.36042,0.24815,0,,0.48576,0.52891,1,0.52858,0.45788,0,0.39212,0.53993,18.92393,0.94064,1,0.78033,0.55335,19.71933,0.94064,0,0,0.00000,12,4.48675,1,4.69462,0,0.00000,0,0.00000,0,0.00000,0,1,1,0,0.00000,0,,0.00000,0.00000,
1,NewMedia0,658,10.95990,55528263837,0.52233,0.52456,10.23022,0.72968,20,1,0.48626,0.50856,1,0.36042,0.24815,0,,0.48626,0.50856,1,0.52858,0.45788,0,0.39224,0.53990,18.79195,0.94845,1,0.78033,0.55335,19.71933,0.94845,0,0,0.00000,12,4.53589,1,4.69462,0,0.00000,0,0.00000,0,0.00000,0,1,1,0,0.00000,0,,0.00000,0.00000,
1,NewMedia0,659,10.96466,55528311386,0.52148,0.52396,10.23022,0.73444,20,1,0.48467,0.49799,1,0.36042,0.24815,0,,0.48467,0.49799,1,0.52858,0.45788,0,0.39245,0.53983,18.71162,0.95626,1,0.78033,0.55335,19.71933,0.95626,0,0,0.00000,12,4.49976,1,4.69462,0,0.00000,0,0.00000,0,0.00000,0,1,1,0,0.00000,0,,0.00000,0.00000,
1,NewMedia0,660,10.99286,55528593632,0.52142,0.52471,10.23022,0.76263,20,1,0.51895,0.55781,1,0.36042,0.24815,0,,0.51895,0.55781,1,0.52858,0.45788,0,0.39302,0.53974,19.03048,0.95626,1,0.78033,0.55335,19.71933,0.95626,0,0,0.00000,12,4.52430,1,4.69462,0,0.00000,0,0.00000,0,0.00000,0,1,1,0,0.00000,0,,0.00000,0.00000,
1,NewMedia0,661,11.01996,55528864302,0.52094,0.52540,10.23022,0.78973,20,1,0.49920,0.55623,1,0.36042,0.24815,0,,0.49920,0.55623,1,0.52858,0.45788,0,0.39320,0.53972,18.91883,0.95626,1,0.78033,0.55335,19.71933,0.95626,0,0,0.00000,12,4.53054,1,4.69462,0,0.00000,0,0.00000,0,0.00000,0,1,1,0,0.00000,0,,0.00000,0.00000,
1,NewMedia0,662,11.02399,55528904513,0.52051,0.52627,10.23022,0.79376,20,1,0.50069,0.56634,1,0.36042,0.24815,0,,0.50069,0.56634,1,0.52858,0.45788,0,0.39330,0.53977,19.02706,0.94845,1,0.78033,0.55335,19.71933,0.94845,0,0,0.00000,12,4.53973,1,4.69462,0,0.00000,0,0.00000,0,0.00000,0,1,1,0,0.00000,0,,0.00000,0.00000,
1,NewMedia0,663,11.04626,55529127663,0.52005,0.52692,10.23022,0.81604,20,1,0.49843,0.55736,1,0.36042,0.24815,0,,0.49843,0.55736,1,0.52858,0.45788,0,0.39382,0.53939,19.26650,0.94064,1,0.78033,0.55335,19.71933,0.94064,0,0,0.00000,12,4.43551,1,4.69462,0,0.00000,0,0.00000,0,0.00000,0,1,1,0,0.00000,0,,0.00000,0.00000,
1,NewMedia0,664,11.08319,55529496650,0.51971,0.52660,10.23022,0.85297,20,1,0.51415,0.53750,1,0.36042,0.24815,0,,0.51415,0.53750,1,0.52858,0.45788,0,0.39394,0.53930,19.31200,0.93283,1,0.78033,0.55335,19.71933,0.93283,0,0,0.00000,12,4.49239,1,4.69462,0,0.00000,0,0.00000,0,0.00000,0,1,1,0,0.00000,0,,0.00000,0.00000,
1,NewMedia0,665,11.10455,55529710301,0.51963,0.52605,10.23022,0.87433,20,1,0.52179,0.51236,1,0.36042,0.24815,0,,0.51557,0.54805,1,0.52801,0.47667,1,0.39421,0.53926,19.27875,0.92501,1,0.78114,0.55572,21.14969,0.93262,1,0,0.00000,12,4.46484,1,4.96728,1,0.00000,0,0.00000,0,0.00000,0,1,1,0,0.00000,0,,0.00000,0.00000,
1,NewMedia0,666,11.11560,55529820835,0.51978,0.52703,10.23022,0.88538,20,1,0.53787,0.56298,1,0.36042,0.24815,0,,0.50869,0.53603,1,0.56705,0.58993,1,0.39466,0.53935,18.91435,0.93262,1,0.78138,0.55582,21.28896,0.94022,1,0,0.00000,12,4.40194,1,4.96175,1,0.00000,0,0.00000,0,0.00000,0,1,1,0,0.00000,0,,0.00000,0.00000,
1,NewMedia0,667,11.13672,55530031903,0.51982,0.52663,10.23022,0.90649,20,1,0.53689,0.52819,1,0.36042,0.24815,0,,0.50415,0.50315,1,0.56963,0.55323,1,0.39506,0.53941,19.54834,0.95696,1,0.78180,0.55603,20.99421,0.97326,1,0,0.00000,12,4.39832,1,4.90246,1,0.00000,0,0.00000,0,0.00000,0,1,1,0,0.00000,0,,0.00000,0.00000,
1,NewMedia0,668,11.14746,55530139574,0.51959,0.52527,10.23022,0.91724,20,1,0.52511,0.48756,1,0.36042,0.24815,0,,0.48370,0.51420,1,0.56653,0.46093,1,0.39550,0.53878,18.56808,0.99000,1,0.78212,0.55590,20.48064,1.00629,1,0,0.00000,12,4.34667,1,4.83983,1,0.00000,0,0.00000,0,0.00000,0,1,1,0,0.00000,0,,0.00000,0.00000,
1,NewMedia0,669,11.15436,55530208600,0.51969,0.52346,10.23022,0.92413,20,1,0.52814,0.44620,1,0.36042,0.24815,0,,0.48677,0.43643,1,0.56951,0.45597,1,0.39590,0.53887,18.26461,1.02304,1,0.78222,0.55587,20.38036,1.03173,1,0,0.00000,12,4.36531,1,4.77485,1,0.00000,0,0.00000,0,0.00000,0,1,1,0,0.00000,0,,0.00000,0.00000,
1,NewMedia0,670,11.16217,55530286587,0.51988,0.52172,10.23022,0.93195,20,1,0.52687,0.43079,1,0.36042,0.24815,0,,0.48365,0.41456,1,0.57008,0.44702,1,0.39606,0.53859,18.22973,1.03954,1,0.78241,0.55587,20.41598,1.03954,1,0,0.00000,12,4.27501,1,4.71674,1,0.00000,0,0.00000,0,0.00000,0,1,1,0,0.00000,0,,0.00000,0.00000,
1,NewMedia0,671,11.21796,55530844455,0.51952,0.51924,10.23022,0.98773,20,1,0.49994,0.39532,1,0.36042,0.24815,0,,0.46999,0.36587,1,0.52989,0.42476,1,0.39679,0.53846,18.29655,1.03061,1,0.78262,0.55476,19.34686,1.02192,1,0,0.00000,12,4.07108,1,4.48907,1,0.00000,0,0.00000,0,0.00000,0,1,1,0,0.00000,0,,0.00000,0.00000,
1,NewMedia0,672,11.22168,55530881943,0.51943,0.51815,10.23022,0.99146,20,1,0.51834,0.46023,1,0.36042,0.24815,0,,0.50768,0.48359,1,0.52900,0.43688,1,0.39723,0.53788,17.46891,1.01299,1,0.78284,0.55465,19.21723,1.00430,1,0,0.00000,12,4.10316,1,4.44869,1,0.00000,0,0.00000,0,0.00000,0,1,1,0,0.00000,0,,0.00000,0.00000,
1,NewMedia0,673,11.22546,55530919513,0.51952,0.51695,10.23022,0.99524,20,1,0.51894,0.47102,1,0.36042,0.24815,0,,0.50919,0.49486,1,0.52869,0.44719,1,0.39792,0.53698,17.54055,1.00430,1,0.78305,0.55412,19.75053,0.99561,1,0,0.00000,12,4.10301,1,4.43348,1,0.00000,0,0.00000,0,0.00000,0,1,1,0,0.00000,0,,19.47066,147.26108,
1,NewMedia0,674,11.26031,55531267796,0.52032,0.48799,10.23022,0.99524,20,0,0.51736,0.46640,1,0.36042,0.24815,0,,0.50272,0.42349,1,0.53200,0.50932,1,0.39865,0.53680,16.46697,1.00454,1,0.78367,0.55473,19.01362,1.00454,1,0,0.00000,12,3.90475,1,4.31073,1,0.00000,0,0.00000,0,0.00000,0,1,1,0,0.00000,0,,0.00000,0.00000,
1,NewMedia0,675,11.27765,55531441208,0.50658,0.45118,10.23022,0.99524,20,0,0.49284,0.41437,1,0.36042,0.24815,0,,0.50066,0.43892,1,0.48502,0.38982,1,0.39906,0.53648,16.60407,1.01347,1,0.78404,0.55482,18.66399,1.01347,1,0,0.00000,12,3.86574,1,4.24440,1,0.00000,0,0.00000,0,0.00000,0,1,1,0,0.00000,0,,0.00000,0.00000,
1,NewMedia0,676,11.30676,55531732292,0.50224,0.44223,10.23022,0.99524,20,0,0.49357,0.42434,1,0.36042,0.24815,0,,0.50206,0.44937,1,0.48508,0.39931,1,0.39994,0.53717,17.24628,1.00565,1,0.78455,0.55526,18.33331,1.00565,1,0,0.00000,12,3.85715,1,4.19339,1,0.00000,0,0.00000,0,0.00000,0,1,1,0,0.00000,0,,0.00000,0.00000,
1,NewMedia0,677,11.31287,55531793345,0.50661,0.44283,11.26031,0.05255,21,1,0.51972,0.44461,1,0.36042,0.24815,0,,0.49528,0.42179,1,0.54416,0.46743,1,0.40071,0.53643,16.56296,0.98891,1,0.78521,0.55584,17.91827,0.98891,1,0,0.00000,12,3.81659,1,4.18960,1,0.00000,0,0.00000,0,0.00000,0,1,1,0,0.00000,0,,0.00000,0.00000,
1,NewMedia0,678,11.31470,55531812119,0.50718,0.44416,11.26031,0.05438,21,1,0.50944,0.44947,1,0.36042,0.24815,0,,0.48756,0.42314,1,0.53131,0.47580,1,0.40097,0.53634,16.51245,0.97217,1,0.78530,0.55546,18.35871,0.97217,1,0,0.00000,12,3.77718,1,4.06925,1,0.00000,0,0.00000,0,0.00000,0,1,1,0,0.00000,0,,0.00000,0.00000,
1,NewMedia0,680,11.33978,55532062759,0.50979,0.45903,11.26031,0.07947,21,1,0.52206,0.51675,1,0.36042,0.24815,0,,0.50853,0.53941,1,0.53559,0.49408,1,0.40207,0.53641,16.45689,0.94783,1,0.78615,0.55574,17.85756,0.94022,1,0,0.00000,12,3.72911,1,3.98372,1,0.00000,0,0.00000,0,0.00000,0,1,1,0,0.00000,0,,0.00000,0.00000,
1,NewMedia0,681,11.34497,55532114726,0.50962,0.47107,11.26031,0.08466,21,1,0.50843,0.55532,1,0.36042,0.24815,0,,0.50087,0.55098,1,0.51600,0.55966,1,0.40221,0.53636,16.38554,0.94022,1,0.78639,0.55615,17.86313,0.93262,1,0,0.00000,12,3.70307,1,4.01333,1,0.00000,0,0.00000,0,0.00000,0,1,1,0,0.00000,0,,0.00000,0.00000,
1,NewMedia0,682,11.36060,55532270636,0.50957,0.48099,11.26031,0.10028,21,1,0.50916,0.56035,1,0.36042,0.24815,0,,0.50233,0.56103,1,0.51600,0.55966,1,0.40253,0.53616,16.24329,0.93262,1,0.78702,0.55580,17.68038,0.93262,1,0,0.00000,12,3.72295,1,3.91473,1,0.00000,0,0.00000,0,0.00000,0,1,1,0,0.00000,0,,0.00000,0.00000,
1,NewMedia0,683,11.37469,55532411925,0.50970,0.48405,11.26031,0.11438,21,1,0.51084,0.51156,1,0.36042,0.24815,0,,0.51220,0.47766,1,0.50948,0.54546,1,0.40293,0.53617,15.81649,0.93262,1,0.78731,0.55625,17.29202,0.94022,1,0,0.00000,12,3.78585,1,3.97343,1,0.00000,0,0.00000,0,0.00000,0,1,1,0,0.00000,0,,0.00000,0.00000,
1,NewMedia0,684,11.39069,55532571856,0.51077,0.48736,11.26031,0.13037,21,1,0.52144,0.52051,1,0.36042,0.24815,0,,0.51918,0.48088,1,0.52370,0.56014,1,0.40290,0.53612,15.82873,0.94022,1,0.78746,0.55636,17.27054,0.94783,1,0,0.00000,12,3.67905,1,3.93096,1,0.00000,0,0.00000,0,0.00000,0,1,1,0,0.00000,0,,0.00000,0.00000,
1,NewMedia0,685,11.40704,55532735391,0.51156,0.48850,11.26031,0.14673,21,1,0.52033,0.50103,1,0.36042,0.24815,0,,0.51647,0.45926,1,0.52420,0.54280,1,0.40327,0.53650,16.04261,0.95564,1,0.78779,0.55649,17.49044,0.96324,1,0,0.00000,12,3.65838,1,3.85932,1,0.00000,0,0.00000,0,0.00000,0,1,1,0,0.00000,0,,0.00000,0.00000,
1,NewMedia0,686,11.42358,55532900982,0.51100,0.48797,11.26031,0.16327,21,1,0.50424,0.48161,1,0.36042,0.24815,0,,0.49459,0.43230,1,0.51390,0.53093,1,0.40400,0.53654,15.47062,0.97106,1,0.78811,0.55679,16.99032,0.97106,1,0,0.00000,12,3.69705,1,3.87043,1,0.00000,0,0.00000,0,0.00000,0,1,1,0,0.00000,0,,0.00000,0.00000,
1,NewMedia0,687,11.44995,55533164574,0.51303,0.49595,11.26031,0.18964,21,1,0.53946,0.59966,1,0.36042,0.24815,0,,0.54645,0.69846,1,0.53246,0.50085,1,0.40420,0.53786,14.81677,0.97887,1,0.78816,0.55666,17.16232,0.97887,1,0,0.00000,12,3.41569,1,3.84765,1,0.00000,0,0.00000,0,0.00000,0,1,1,0,0.00000,0,,0.00000,0.00000,
1,NewMedia0,688,11.45667,55533231372,0.51476,0.50256,11.26031,0.19635,21,1,0.53891,0.59513,1,0.36042,0.24815,0,,0.54534,0.68966,1,0.53247,0.50061,1,0.40435,0.53867,14.74517,0.98668,1,0.78822,0.55594,17.30997,0.97908,1,0,0.00000,12,3.25429,1,3.86501,1,0.00000,0,0.00000,0,0.00000,0,1,1,0,0.00000,0,,0.00000,0.00000,
1,NewMedia0,689,11.47321,55533396677,0.51427,0.50910,11.26031,0.21289,21,1,0.50697,0.60722,1,0.36042,0.24815,0,,0.54534,0.68966,0,0.50697,0.60722,1,0.40435,0.53867,14.74517,0.97908,0,0.78824,0.55743,14.74757,0.97147,1,0,0.00000,12,3.25429,0,3.69689,1,0.00000,0,0.00000,0,0.00000,0,1,1,0,0.00000,0,,13.17127,139.93355,
1,NewMedia0,690,11.48901,55533555078,0.52003,0.54864,11.26031,0.21289,21,0,0.54788,0.65881,1,0.36042,0.24815,0,,0.54534,0.68966,0,0.54788,0.65881,1,0.40435,0.53867,14.74517,0.97147,0,0.78845,0.55787,14.31619,0.96387,1,0,0.00000,12,3.25429,0,3.73678,1,0.00000,0,0.00000,0,0.00000,0,1,1,0,0.00000,0,,0.00000,0.00000,
1,NewMedia0,691,11.50610,55533725871,0.53374,0.60755,11.26031,0.21289,21,0,0.54745,0.66646,1,0.36042,0.24815,0,,0.54534,0.68966,0,0.54745,0.66646,1,0.40435,0.53867,14.74517,0.96387,0,0.78915,0.55792,14.41848,0.95626,1,0,0.00000,12,3.25429,0,3.66478,1,0.00000,0,0.00000,0,0.00000,0,1,1,0,0.00000,0,,0.00000,0.00000,
1,NewMedia0,692,11.52203,55533885036,0.52440,0.58117,11.26031,0.21289,21,0,0.50572,0.52841,1,0.36042,0.24815,0,,0.54534,0.68966,0,0.50572,0.52841,1,0.40435,0.53867,14.74517,0.95626,0,0.78960,0.55660,17.33192,0.95626,1,0,0.00000,12,3.25429,0,3.79567,1,0.00000,0,0.00000,0,0.00000,0,1,1,0,0.00000,0,,0.00000,0.00000,
1,NewMedia0,693,11.55994,55534263998,0.52440,0.58117,11.48901,0.07092,22,1,0.50572,0.52841,0,0.36042,0.24815,0,,0.54534,0.68966,0,0.50572,0.52841,0,0.40435,0.53867,14.74517,0.95626,0,0.78960,0.55660,17.33192,0.95626,0,0,0.00000,12,3.25429,0,3.79567,0,0.00000,0,0.00000,0,0.00000,0,1,1,0,0.00000,0,,0.00000,0.00000,
1,NewMedia0,694,11.56128,55534277437,0.52440,0.58117,11.48901,0.07227,22,1,0.50572,0.52841,0,0.36042,0.24815,0,,0.54534,0.68966,0,0.50572,0.52841,0,0.40435,0.53867,14.74517,0.95626,0,0.78960,0.55660,17.33192,0.95626,0,0,0.00000,12,3.25429,0,3.79567,0,0.00000,0,0.00000,0,0.00000,0,1,1,0,0.00000,0,,0.00000,0.00000,
1,NewMedia0,695,11.57373,55534402145,0.52440,0.58117,11.48901,0.08472,22,1,0.50572,0.52841,0,0.36042,0.24815,0,,0.54534,0.68966,0,0.50572,0.52841,0,0.40435,0.53867,14.74517,0.95626,0,0.78960,0.55660,17.33192,0.95626,0,205,0.00000,12,3.25429,0,3.79567,0,0.00000,0,0.00000,0,0.00000,0,1,1,0,0.00000,0,,80.22887,284.02979,
1,NewMedia0,696,11.58832,55534547926,0.52658,0.59744,11.48901,0.08472,22,0,0.50572,0.52841,0,0.36042,0.24815,0,,0.54534,0.68966,0,0.50572,0.52841,0,0.40435,0.53867,14.74517,0.95626,0,0.78960,0.55660,17.33192,0.95626,0,205,0.00000,12,3.25429,0,3.79567,0,0.00000,0,0.00000,0,0.00000,0,1,1,0,0.00000,0,,0.00000,0.00000,
1,NewMedia0,697,11.60486,55534713263,0.52658,0.59744,11.48901,0.08472,22,0,0.50572,0.52841,0,0.36042,0.24815,0,,0.54534,0.68966,0,0.50572,0.52841,0,0.40435,0.53867,14.74517,0.95626,0,0.78960,0.55660,17.33192,0.95626,0,205,0.00000,12,3.25429,0,3.79567,0,0.00000,0,0.00000,0,0.00000,0,1,1,0,0.00000,0,,0.00000,0.00000,
1,NewMedia0,698,11.62219,55534886851,0.52658,0.59744,11.48901,0.08472,22,0,0.50572,0.52841,0,0.36042,0.24815,0,,0.54534,0.68966,0,0.50572,0.52841,0,0.40435,0.53867,14.74517,0.95626,0,0.78960,0.55660,17.33192,0.95626,0,205,0.00000,12,3.25429,0,3.79567,0,0.00000,0,0.00000,0,0.00000,0,1,1,0,0.00000,0,,0.00000,0.00000,
1,NewMedia0,699,11.63867,55535051386,0.00000,0.00000,11.48901,0.08472,22,0,0.50572,0.52841,0,0.36042,0.24815,0,,0.54534,0.68966,0,0.50572,0.52841,0,0.40435,0.53867,14.74517,0.95626,0,0.78960,0.55660,17.33192,0.95626,0,205,0.00000,12,3.25429,0,3.79567,0,0.00000,0,0.00000,0,0.00000,0,1,1,0,0.00000,0,,0.00000,0.00000,
1,NewMedia0,700,11.67792,55535443843,0.00000,0.00000,11.48901,0.08472,22,0,0.50572,0.52841,0,0.36042,0.24815,0,,0.54534,0.68966,0,0.50572,0.52841,0,0.40435,0.53867,14.74517,0.95626,0,0.78960,0.55660,17.33192,0.95626,0,205,0.00000,12,3.25429,0,3.79567,0,0.00000,0,0.00000,0,0.00000,0,1,1,0,0.00000,0,,0.00000,0.00000,
1,NewMedia0,701,11.68188,55535483577,0.25603,0.25786,11.48901,0.08472,22,0,0.51206,0.51572,1,0.36042,0.24815,0,,0.54534,0.68966,0,0.51206,0.51572,1,0.40435,0.53867,14.74517,0.95626,0,0.79359,0.55612,15.83904,0.95626,1,0,0.10814,13,3.25429,0,3.76685,1,0.00000,0,0.00000,0,0.00000,0,1,1,0,0.00000,0,,0.00000,0.00000,
1,NewMedia0,702,11.68927,55535557814,0.51594,0.53349,11.48901,0.08472,22,0,0.51982,0.55125,1,0.36042,0.24815,0,,0.54534,0.68966,0,0.51982,0.55125,1,0.40435,0.53867,14.74517,0.95626,0,0.79389,0.55661,17.00075,0.95626,1,0,0.00000,13,3.25429,0,3.82652,1,0.00000,0,0.00000,0,0.00000,0,1,1,0,0.00000,0,,0.00000,0.00000,
1,NewMedia0,703,11.70294,55535694439,0.51788,0.54237,11.48901,0.08472,22,0,0.51982,0.55125,1,0.36042,0.24815,0,,0.54534,0.68966,0,0.51982,0.55125,1,0.40435,0.53867,14.74517,0.95626,0,0.79450,0.55701,16.98483,0.95626,1,0,0.00000,13,3.25429,0,3.79174,1,0.00000,0,0.00000,0,0.00000,0,1,1,0,0.00000,0,,0.00000,0.00000,
1,NewMedia0,704,11.71912,55535855897,0.51057,0.53503,11.48901,0.08472,22,0,0.49594,0.52035,1,0.36042,0.24815,0,,0.54534,0.68966,0,0.49594,0.52035,1,0.40435,0.53867,14.74517,0.95626,0,0.79528,0.55799,17.40300,0.95626,1,0,0.00000,13,3.25429,0,3.89652,1,0.00000,0,0.00000,0,0.00000,0,1,1,0,0.00000,0,,0.00000,0.00000,
1,NewMedia0,705,11.73572,55536022161,0.51057,0.53503,11.68927,0.04645,23,1,0.49594,0.52035,0,0.36042,0.24815,0,,0.54534,0.68966,0,0.49594,0.52035,0,0.40435,0.53867,14.74517,0.95626,0,0.79528,0.55799,17.40300,0.95626,0,0,0.00000,13,3.25429,0,3.89652,0,0.00000,0,0.00000,0,0.00000,0,1,1,0,0.00000,0,,0.00000,0.00000,
1,NewMedia0,706,11.75214,55536186022,0.51057,0.53503,11.68927,0.06287,23,1,0.49594,0.52035,0,0.36042,0.24815,0,,0.54534,0.68966,0,0.49594,0.52035,0,0.40435,0.53867,14.74517,0.95626,0,0.79528,0.55799,17.40300,0.95626,0,0,0.00000,13,3.25429,0,3.89652,0,0.00000,0,0.00000,0,0.00000,0,1,1,0,0.00000,0,,0.00000,0.00000,
1,NewMedia0,707,11.78113,55536476160,0.51057,0.53503,11.68927,0.09186,23,1,0.49594,0.52035,0,0.36042,0.24815,0,,0.54534,0.68966,0,0.49594,0.52035,0,0.40435,0.53867,14.74517,0.95626,0,0.79528,0.55799,17.40300,0.95626,0,0,0.00000,13,3.25429,0,3.89652,0,0.00000,0,0.00000,0,0.00000,0,1,1,0,0.00000,0,,56.46458,118.05189,
1,NewMedia0,708,11.78668,55536531672,0.50788,0.53580,11.68927,0.09186,23,0,0.49594,0.52035,0,0.36042,0.24815,0,,0.54534,0.68966,0,0.49594,0.52035,0,0.40435,0.53867,14.74517,0.95626,0,0.79528,0.55799,17.40300,0.95626,0,0,0.00000,13,3.25429,0,3.89652,0,0.00000,0,0.00000,0,0.00000,0,1,1,0,0.00000,0,,0.00000,0.00000,
1,NewMedia0,709,11.80225,55536687138,0.50788,0.53580,11.68927,0.09186,23,0,0.49594,0.52035,0,0.36042,0.24815,0,,0.54534,0.68966,0,0.49594,0.52035,0,0.40435,0.53867,14.74517,0.95626,0,0.79528,0.55799,17.40300,0.95626,0,0,0.00000,13,3.25429,0,3.89652,0,0.00000,0,0.00000,0,0.00000,0,1,1,0,0.00000,0,,0.00000,0.00000,
1,NewMedia0,710,11.81836,55536848284,0.50788,0.53580,11.68927,0.09186,23,0,0.49594,0.52035,0,0.36042,0.24815,0,,0.54534,0.68966,0,0.49594,0.52035,0,0.40435,0.53867,14.74517,0.95626,0,0.79528,0.55799,17.40300,0.95626,0,0,0.00000,13,3.25429,0,3.89652,0,0.00000,0,0.00000,0,0.00000,0,1,1,0,0.00000,0,,0.00000,0.00000,
1,NewMedia0,711,11.83484,55537013047,0.00000,0.00000,11.68927,0.09186,23,0,0.49594,0.52035,0,0.36042,0.24815,0,,0.54534,0.68966,0,0.49594,0.52035,0,0.40435,0.53867,14.74517,0.95626,0,0.79528,0.55799,17.40300,0.95626,0,0,0.00000,13,3.25429,0,3.89652,0,0.00000,0,0.00000,0,0.00000,0,1,1,0,0.00000,0,,0.00000,0.00000,
1,NewMedia0,712,11.85144,55537179305,0.00000,0.00000,11.68927,0.09186,23,0,0.49594,0.52035,0,0.36042,0.24815,0,,0.54534,0.68966,0,0.49594,0.52035,0,0.40435,0.53867,14.74517,0.95626,0,0.79528,0.55799,17.40300,0.95626,0,0,0.00000,13,3.25429,0,3.89652,0,0.00000,0,0.00000,0,0.00000,0,1,1,0,0.00000,0,,0.00000,0.00000,
1,NewMedia0,713,11.86761,55537340870,0.00000,0.00000,11.68927,0.09186,23,0,0.49594,0.52035,0,0.36042,0.24815,0,,0.54534,0.68966,0,0.49594,0.52035,0,0.40435,0.53867,14.74517,0.95626,0,0.79528,0.55799,17.40300,0.95626,0,0,0.00000,13,3.25429,0,3.89652,0,0.00000,0,0.00000,0,0.00000,0,1,1,0,0.00000,0,,0.00000,0.00000,
1,NewMedia0,714,11.89063,55537571243,0.48874,0.54888,11.68927,0.09186,23,0,0.48874,0.54888,1,0.36042,0.24815,0,,0.45167,0.60279,1,0.52581,0.49496,1,0.41542,0.53285,14.71800,0.95626,1,0.80067,0.55892,17.34463,0.95626,1,0,0.00000,13,3.57742,1,4.09471,1,0.00000,0,0.00000,0,0.00000,0,1,1,0,0.00000,0,,0.00000,0.00000,
1,NewMedia0,715,11.90326,55537697244,0.48920,0.55135,11.68927,0.09186,23,0,0.48965,0.55382,1,0.36042,0.24815,0,,0.45349,0.61243,1,0.52581,0.49521,1,0.41583,0.53298,15.00104,0.94845,1,0.80109,0.55906,17.76191,0.95606,1,0,0.00000,13,3.53420,1,4.04714,1,0.00000,0,0.00000,0,0.00000,0,1,1,0,0.00000,0,,0.00000,0.00000,
1,NewMedia0,716,11.91644,55537829101,0.48296,0.55696,11.68927,0.09186,23,0,0.47049,0.56817,1,0.36042,0.24815,0,,0.45771,0.58179,1,0.48327,0.55455,1,0.41629,0.53326,15.36129,0.94824,1,0.80176,0.55925,17.49365,0.95585,1,0,0.00000,13,3.45747,1,4.17020,1,0.00000,0,0.00000,0,0.00000,0,1,1,0,0.00000,0,,0.00000,0.00000,
1,NewMedia0,717,11.93317,55537996601,0.48593,0.55787,11.89063,0.04254,24,1,0.49484,0.56063,1,0.36042,0.24815,0,,0.47385,0.59607,1,0.51582,0.52518,1,0.41665,0.53335,14.94485,0.94804,1,0.80196,0.55950,17.73221,0.95564,1,0,0.00000,13,3.48047,1,4.17758,1,0.00000,0,0.00000,0,0.00000,0,1,1,0,0.00000,0,,0.00000,0.00000,
1,NewMedia0,718,11.94934,55538158253,0.48757,0.55659,11.89063,0.05872,24,1,0.49411,0.55147,1,0.36042,0.24815,0,,0.47222,0.58651,1,0.51600,0.51643,1,0.41692,0.53328,15.31281,0.95564,1,0.80215,0.55883,17.57900,0.96324,1,0,0.00000,12,3.55236,1,4.27648,1,0.00000,0,0.00000,0,0.00000,0,1,1,0,0.00000,0,,0.00000,0.00000,
1,NewMedia0,719,11.96558,55538320907,0.48893,0.54866,11.89063,0.07495,24,1,0.49575,0.50900,1,0.36042,0.24815,0,,0.49350,0.56106,1,0.49800,0.45693,1,0.41748,0.53382,15.49044,0.97106,1,0.80293,0.55965,18.35121,0.97106,1,0,0.00000,12,3.46428,1,4.12601,1,0.00000,0,0.00000,0,0.00000,0,1,1,0,0.00000,0,,0.00000,0.00000,
1,NewMedia0,720,11.99908,55538655786,0.48705,0.53972,11.89063,0.10846,24,1,0.47574,0.48610,1,0.36042,0.24815,0,,0.42091,0.52178,1,0.53057,0.45041,1,0.41774,0.53365,15.43487,0.97887,1,0.80345,0.56007,17.90936,0.97887,1,0,0.00000,12,3.46683,1,4.29806,1,0.00000,0,0.00000,0,0.00000,0,1,1,0,0.00000,0,,0.00000,0.00000,
1,NewMedia0,721,12.00226,55538687534,0.48553,0.53181,11.89063,0.11163,24,1,0.47489,0.47639,1,0.36042,0.24815,0,,0.41891,0.51178,1,0.53087,0.44100,1,0.41824,0.53327,15.27485,0.98668,1,0.80387,0.55954,18.05629,0.98668,1,0,0.00000,12,3.54701,1,4.16685,1,0.00000,0,0.00000,0,0.00000,0,1,1,0,0.00000,0,,0.00000,0.00000,
1,NewMedia0,722,12.01489,55538813589,0.48451,0.52918,11.89063,0.12427,24,1,0.47640,0.50816,1,0.36042,0.24815,0,,0.43839,0.52973,1,0.51440,0.48659,1,0.41871,0.53323,15.39661,0.98668,1,0.80437,0.55966,18.07787,0.98668,1,0,0.00000,12,3.58980,1,4.22611,1,0.00000,0,0.00000,0,0.00000,0,1,1,0,0.00000,0,,0.00000,0.00000,
1,NewMedia0,723,12.03156,55538980445,0.48897,0.52563,11.89063,0.14093,24,1,0.52906,0.49366,1,0.36042,0.24815,0,,0.43839,0.52973,0,0.52906,0.49366,1,0.41898,0.53330,15.77630,0.98668,1,0.80478,0.55988,17.99306,0.98668,1,0,0.00000,12,3.42875,1,4.24566,1,0.00000,0,0.00000,0,0.00000,0,1,1,0,0.00000,0,,0.00000,0.00000,
1,NewMedia0,724,12.04785,55539143397,0.49261,0.52272,11.89063,0.15723,24,1,0.52906,0.49366,1,0.36042,0.24815,0,,0.43839,0.52973,0,0.52906,0.49366,1,0.41925,0.53343,15.68079,0.98668,1,0.80517,0.55991,18.07589,0.98668,1,0,0.00000,12,3.52417,1,4.20809,1,0.00000,0,0.00000,0,0.00000,0,1,1,0,0.00000,0,,0.00000,0.00000,
1,NewMedia0,725,12.06427,55539307262,0.49447,0.52169,11.89063,0.17365,24,1,0.51488,0.51034,1,0.36042,0.24815,0,,0.43839,0.52973,0,0.51488,0.51034,1,0.41985,0.53364,15.62237,0.98668,1,0.80575,0.55978,17.88855,0.98668,1,0,0.00000,12,3.60676,1,4.22162,1,0.00000,0,0.00000,0,0.00000,0,1,1,0,0.00000,0,,0.00000,0.00000,
1,NewMedia0,726,12.08093,55539474213,0.49787,0.52377,11.89063,0.19031,24,1,0.53871,0.54875,1,0.36042,0.24815,0,,0.43839,0.52973,0,0.53871,0.54875,1,0.42026,0.53373,15.44155,0.98668,1,0.80630,0.56065,18.21102,0.98668,1,0,0.00000,12,3.47176,1,4.37269,1,0.00000,0,0.00000,0,0.00000,0,1,1,0,0.00000,0,,0.00000,0.00000,
1,NewMedia0,727,12.10034,55539668361,0.50079,0.52556,11.89063,0.20972,24,1,0.53871,0.54875,1,0.36042,0.24815,0,,0.43839,0.52973,0,0.53871,0.54875,1,0.42057,0.53365,15.30427,0.98668,1,0.80651,0.56048,17.91814,0.98668,1,0,0.00000,12,3.53458,1,4.30151,1,0.00000,0,0.00000,0,0.00000,0,1,1,0,0.00000,0,,0.00000,0.00000,
1,NewMedia0,728,12.11707,55539835802,0.50219,0.52431,11.89063,0.22644,24,1,0.52186,0.50689,1,0.36042,0.24815,0,,0.51011,0.52689,1,0.53361,0.48689,1,0.42137,0.53328,15.38170,0.98668,1,0.80741,0.56119,18.47646,0.98668,1,0,0.00000,12,3.58231,1,4.23882,1,0.00000,0,0.00000,0,0.00000,0,1,1,0,0.00000,0,,0.00000,0.00000,
1,NewMedia0,729,12.13025,55539967060,0.50180,0.52502,11.89063,0.23962,24,1,0.49596,0.53568,1,0.36042,0.24815,0,,0.46014,0.58214,1,0.53178,0.48922,1,0.42164,0.53370,15.44890,0.98668,1,0.80806,0.56168,18.56861,0.98668,1,0,0.00000,12,3.48393,1,4.33168,1,0.00000,0,0.00000,0,0.00000,0,1,1,0,0.00000,0,,0.00000,0.00000,
1,NewMedia0,730,12.14661,55540131139,0.50154,0.52668,11.89063,0.25598,24,1,0.49728,0.55314,1,0.36042,0.24815,0,,0.46336,0.60007,1,0.53120,0.50621,1,0.42169,0.53358,15.54404,0.97198,1,0.80837,0.56166,18.65462,0.97198,1,0,0.00000,12,3.40309,1,4.27562,1,0.00000,0,0.00000,0,0.00000,0,1,1,0,0.00000,0,,0.00000,0.00000,
1,NewMedia0,731,12.16272,55540291841,0.50116,0.52275,11.89063,0.27209,24,1,0.49476,0.45608,1,0.36042,0.24815,0,,0.51590,0.44167,1,0.47362,0.47050,1,0.42255,0.53349,15.34960,0.95727,1,0.80923,0.56178,18.62574,0.95727,1,0,0.00000,12,3.51445,1,4.26455,1,0.00000,0,0.00000,0,0.00000,0,1,1,0,0.00000,0,,0.00000,0.00000,
1,NewMedia0,732,12.17957,55540460616,0.50146,0.52266,11.89063,0.28894,24,1,0.50692,0.52089,1,0.36042,0.24815,0,,0.51590,0.44167,0,0.50692,0.52089,1,0.42285,0.53375,15.47057,0.94256,1,0.80968,0.56232,18.78653,0.94256,1,0,0.00000,12,3.52737,1,4.30465,1,0.00000,0,0.00000,0,0.00000,0,1,1,0,0.00000,0,,0.00000,0.00000,
1,NewMedia0,733,12.19598,55540624623,0.50174,0.52257,11.89063,0.30536,24,1,0.50692,0.52089,1,0.36042,0.24815,0,,0.51590,0.44167,0,0.50692,0.52089,1,0.42360,0.53395,15.52722,0.94256,1,0.80998,0.56169,18.66467,0.94256,1,0,0.00000,12,3.57429,1,4.28718,1,0.00000,0,0.00000,0,0.00000,0,1,1,0,0.00000,0,,0.00000,0.00000,
1,NewMedia0,734,12.22467,55540911475,0.50028,0.52531,11.89063,0.33405,24,1,0.47115,0.58017,1,0.36042,0.24815,0,,0.43915,0.63783,1,0.50315,0.52252,1,0.42421,0.53383,15.79371,0.95727,1,0.81079,0.56196,18.42052,0.95727,1,0,0.00000,12,3.46355,1,4.26722,1,0.00000,0,0.00000,0,0.00000,0,1,1,0,0.00000,0,,0.00000,0.00000,
1,NewMedia0,735,12.23035,55540968398,0.49854,0.52598,11.89063,0.33972,24,1,0.46196,0.54013,1,0.36042,0.24815,0,,0.43508,0.59755,1,0.48884,0.48270,1,0.42478,0.53369,16.11569,0.97198,1,0.81118,0.56165,18.36903,0.97198,1,0,0.00000,12,3.54895,1,4.30423,1,0.00000,0,0.00000,0,0.00000,0,1,1,0,0.00000,0,,0.00000,0.00000,
1,NewMedia0,736,12.24506,55541115624,0.49691,0.52643,11.89063,0.35443,24,1,0.46112,0.53635,1,0.36042,0.24815,0,,0.43340,0.58917,1,0.48884,0.48353,1,0.42518,0.53362,15.65401,0.97887,1,0.81159,0.56161,18.57441,0.97126,1,0,0.00000,12,3.54741,1,4.34910,1,0.00000,0,0.00000,0,0.00000,0,1,1,0,0.00000,0,,0.00000,0.00000,
1,NewMedia0,737,12.26160,55541280921,0.49562,0.52732,11.89063,0.37097,24,1,0.46584,0.54760,1,0.36042,0.24815,0,,0.42270,0.58957,1,0.50897,0.50562,1,0.42578,0.53341,15.74400,0.96345,1,0.81232,0.56197,18.43794,0.95585,1,0,0.00000,12,3.48923,1,4.32007,1,0.00000,0,0.00000,0,0.00000,0,1,1,0,0.00000,0,,0.00000,0.00000,
1,NewMedia0,738,12.27802,55541445204,0.49510,0.52821,11.89063,0.38739,24,1,0.48265,0.54957,1,0.36042,0.24815,0,,0.46141,0.58072,1,0.50389,0.51841,1,0.42607,0.53358,15.91572,0.94804,1,0.81268,0.56171,18.58362,0.94043,1,0,0.00000,12,3.55454,1,4.29117,1,0.00000,0,0.00000,0,0.00000,0,1,1,0,0.00000,0,,0.00000,0.00000,
1,NewMedia0,739,12.29431,55541607865,0.49465,0.52939,11.89063,0.40369,24,1,0.48346,0.55886,1,0.36042,0.24815,0,,0.46313,0.59038,1,0.50380,0.52734,1,0.42667,0.53349,16.12725,0.94043,1,0.81325,0.56201,18.26064,0.93283,1,0,0.00000,12,3.53767,1,4.34695,1,0.00000,0,0.00000,0,0.00000,0,1,1,0,0.00000,0,,0.00000,0.00000,
1,NewMedia0,740,12.33661,55542030967,0.49364,0.53054,11.89063,0.44598,24,1,0.46741,0.56046,1,0.36042,0.24815,0,,0.43465,0.58260,1,0.50018,0.53833,1,0.42712,0.53326,15.86799,0.94064,1,0.81371,0.56171,18.68590,0.94064,1,0,0.00000,12,3.53886,1,4.33297,1,0.00000,0,0.00000,0,0.00000,0,1,1,0,0.00000,0,,0.00000,0.00000,
1,NewMedia0,741,12.33820,55542046762,0.49270,0.53083,11.89063,0.44757,24,1,0.46714,0.53865,1,0.36042,0.24815,0,,0.45316,0.56078,1,0.48111,0.51653,1,0.42728,0.53306,15.82497,0.94845,1,0.81386,0.56184,18.68910,0.94845,1,0,0.00000,12,3.54044,1,4.23274,1,0.00000,0,0.00000,0,0.00000,0,1,1,0,0.00000,0,,0.00000,0.00000,
1,NewMedia0,742,12.34381,55542103136,0.49178,0.53061,11.89063,0.45319,24,1,0.46613,0.52466,1,0.36042,0.24815,0,,0.45133,0.55071,1,0.48093,0.49862,1,0.42804,0.53311,15.60934,0.95626,1,0.81428,0.56211,18.33553,0.96387,1,0,0.00000,12,3.57440,1,4.28935,1,0.00000,0,0.00000,0,0.00000,0,1,1,0,0.00000,0,,0.00000,0.00000,
1,NewMedia0,743,12.36011,55542266135,0.49183,0.53076,11.89063,0.46948,24,1,0.49322,0.53506,1,0.36042,0.24815,0,,0.45068,0.57468,1,0.53577,0.49544,1,0.42834,0.53330,15.99185,0.96387,1,0.81466,0.56205,18.39662,0.97147,1,0,0.00000,12,3.50222,1,4.31211,1,0.00000,0,0.00000,0,0.00000,0,1,1,0,0.00000,0,,0.00000,0.00000,
1,NewMedia0,744,12.37646,55542429516,0.49164,0.53107,11.89063,0.48584,24,1,0.48609,0.54042,1,0.36042,0.24815,0,,0.46973,0.55098,1,0.50246,0.52986,1,0.42836,0.53333,15.92150,0.97147,1,0.81485,0.56199,18.37992,0.97908,1,0,0.00000,12,3.51124,1,4.30019,1,0.00000,0,0.00000,0,0.00000,0,1,1,0,0.00000,0,,0.00000,0.00000,
1,NewMedia0,745,12.39301,55542594676,0.49149,0.53163,11.89063,0.50238,24,1,0.48682,0.54890,1,0.36042,0.24815,0,,0.47125,0.56001,1,0.50239,0.53779,1,0.42882,0.53325,15.53838,0.96437,1,0.81521,0.56226,18.31396,0.97198,1,0,0.00000,12,3.53961,1,4.28296,1,0.00000,0,0.00000,0,0.00000,0,1,1,0,0.00000,0,,0.00000,0.00000,
1,NewMedia0,746,12.40936,55542758307,0.49105,0.53269,11.89063,0.51874,24,1,0.47695,0.56655,1,0.36042,0.24815,0,,0.46221,0.59214,1,0.49169,0.54097,1,0.42901,0.53309,15.46002,0.95727,1,0.81559,0.56258,18.49833,0.95727,1,0,0.00000,12,3.45436,1,4.28917,1,0.00000,0,0.00000,0,0.00000,0,1,1,0,0.00000,0,,0.00000,0.00000,
1,NewMedia0,747,12.45148,55543179453,0.49055,0.53402,11.89063,0.56085,24,1,0.47399,0.57792,1,0.36042,0.24815,0,,0.43822,0.59207,1,0.50977,0.56378,1,0.42928,0.53305,15.24157,0.94256,1,0.81591,0.56306,18.50377,0.94256,1,0,0.00000,12,3.48697,1,4.29496,1,0.00000,0,0.00000,0,0.00000,0,1,1,0,0.00000,0,,0.00000,0.00000,
1,NewMedia0,748,12.45319,55543196927,0.49005,0.53497,11.89063,0.56256,24,1,0.47296,0.56728,1,0.36042,0.24815,0,,0.43600,0.58082,1,0.50993,0.55374,1,0.42964,0.53315,15.39364,0.95149,1,0.81572,0.56243,18.08580,0.95149,1,0,0.00000,12,3.54289,1,4.29257,1,0.00000,0,0.00000,0,0.00000,0,1,1,0,0.00000,0,,0.00000,0.00000,
1,NewMedia0,749,12.45880,55543252985,0.48954,0.53533,11.89063,0.56818,24,1,0.47177,0.54805,1,0.36042,0.24815,0,,0.44845,0.54425,1,0.49508,0.55186,1,0.42960,0.53289,15.52207,0.97513,1,0.81619,0.56229,17.90236,0.97513,1,0,0.00000,12,3.60144,1,4.22571,1,0.00000,0,0.00000,0,0.00000,0,1,1,0,0.00000,0,,0.00000,0.00000,
1,NewMedia0,750,12.47498,55543414768,0.48954,0.53474,11.89063,0.58435,24,1,0.48953,0.51340,1,0.36042,0.24815,0,,0.47697,0.50819,1,0.50209,0.51860,1,0.42965,0.53335,15.79228,0.99876,1,0.81639,0.56247,18.47821,0.99876,1,0,0.00000,12,3.56388,1,4.23581,1,0.00000,0,0.00000,0,0.00000,0,1,1,0,0.00000,0,,0.00000,0.00000,
1,NewMedia0,751,12.49188,55543583573,0.48948,0.53331,11.89063,0.60126,24,1,0.48730,0.48038,1,0.36042,0.24815,0,,0.47221,0.47790,1,0.50239,0.48286,1,0.43004,0.53306,15.65953,1.02240,1,0.81667,0.56246,18.41662,1.03109,1,0,0.00000,12,3.57432,1,4.28735,1,0.00000,0,0.00000,0,0.00000,0,1,1,0,0.00000,0,,0.00000,0.00000,
1,NewMedia0,752,12.50787,55543743632,0.48871,0.53161,11.89063,0.61725,24,1,0.45939,0.46688,1,0.36042,0.24815,0,,0.43221,0.50426,1,0.48657,0.42950,1,0.43014,0.53310,15.63614,1.03109,1,0.81694,0.56234,18.22009,1.03978,1,0,0.00000,12,3.54867,1,4.28358,1,0.00000,0,0.00000,0,0.00000,0,1,1,0,0.00000,0,,0.00000,0.00000,
1,NewMedia0,753,12.53375,55544002462,0.48809,0.52981,11.89063,0.64313,24,1,0.46405,0.45960,1,0.36042,0.24815,0,,0.43150,0.50772,1,0.49660,0.41148,1,0.43008,0.53305,15.76210,1.03978,1,0.81711,0.56265,18.29951,1.04847,1,0,0.00000,12,3.53569,1,4.30767,1,0.00000,0,0.00000,0,0.00000,0,1,1,0,0.00000,0,,0.00000,0.00000,
1,NewMedia0,754,12.55579,55544222990,0.48751,0.52822,11.89063,0.66516,24,1,0.46406,0.46490,1,0.36042,0.24815,0,,0.43155,0.50801,1,0.49657,0.42180,1,0.43030,0.53267,15.63004,1.03954,1,0.81734,0.56255,18.40545,1.03954,1,0,0.00000,12,3.60047,1,4.28648,1,0.00000,0,0.00000,0,0.00000,0,1,1,0,0.00000,0,,0.00000,0.00000,
1,NewMedia0,755,12.55957,55544260436,0.48730,0.52610,11.89063,0.66895,24,1,0.47895,0.43910,1,0.36042,0.24815,0,,0.42622,0.46609,1,0.53168,0.41210,1,0.43034,0.53267,15.40479,1.03061,1,0.81718,0.56249,18.51073,1.02192,1,0,0.00000,12,3.61491,1,4.29222,1,0.00000,0,0.00000,0,0.00000,0,1,1,0,0.00000,0,,0.00000,0.00000,
1,NewMedia0,756,12.57361,55544400788,0.48754,0.52501,11.89063,0.68298,24,1,0.49751,0.47907,1,0.36042,0.24815,0,,0.46894,0.52265,1,0.52608,0.43550,1,0.43011,0.53259,15.54119,1.01299,1,0.81701,0.56219,18.59054,1.00430,1,0,0.00000,12,3.57754,1,4.30411,1,0.00000,0,0.00000,0,0.00000,0,1,1,0,0.00000,0,,0.00000,0.00000,
1,NewMedia0,757,12.59009,55544565691,0.48781,0.52477,11.89063,0.69946,24,1,0.49959,0.51457,1,0.36042,0.24815,0,,0.47418,0.55440,1,0.52499,0.47473,1,0.42995,0.53278,15.80394,0.98756,1,0.81688,0.56204,18.68265,0.97126,1,0,0.00000,12,3.56536,1,4.33625,1,0.00000,0,0.00000,0,0.00000,0,1,1,0,0.00000,0,,0.00000,0.00000,
1,NewMedia0,758,12.60632,55544728210,0.48791,0.52480,11.89063,0.71570,24,1,0.49208,0.52615,1,0.36042,0.24815,0,,0.48824,0.51697,1,0.49593,0.53532,1,0.42977,0.53240,15.54724,0.96345,1,0.81654,0.56199,18.60307,0.95585,1,0,0.00000,12,3.67688,1,4.31567,1,0.00000,0,0.00000,0,0.00000,0,1,1,0,0.00000,0,,0.00000,0.00000,
1,NewMedia0,759,12.62280,55544893063,0.48782,0.52574,11.89063,0.73218,24,1,0.48390,0.56798,1,0.36042,0.24815,0,,0.48350,0.58527,1,0.48430,0.55069,1,0.42977,0.53241,15.52237,0.94804,1,0.81646,0.56179,18.74833,0.94043,1,0,0.00000,12,3.68869,1,4.35992,1,0.00000,0,0.00000,0,0.00000,0,1,1,0,0.00000,0,,0.00000,0.00000,
1,NewMedia0,760,12.64087,55545073748,0.48775,0.52674,11.89063,0.75024,24,1,0.48468,0.57281,1,0.36042,0.24815,0,,0.48507,0.59493,1,0.48430,0.55069,1,0.42931,0.53263,15.62920,0.94043,1,0.81641,0.56171,18.85662,0.94043,1,0,0.00000,12,3.68020,1,4.37556,1,0.00000,0,0.00000,0,0.00000,0,1,1,0,0.00000,0,,0.00000,0.00000,
1,NewMedia0,761,12.66907,55545355639,0.48803,0.52748,11.89063,0.77844,24,1,0.50117,0.56216,1,0.36042,0.24815,0,,0.44967,0.57376,1,0.55268,0.55055,1,0.42909,0.53248,15.82989,0.94824,1,0.81608,0.56155,18.68011,0.95585,1,0,0.00000,12,3.62695,1,4.33175,1,0.00000,0,0.00000,0,0.00000,0,1,1,0,0.00000,0,,0.00000,0.00000,
1,NewMedia0,762,12.67450,55545409702,0.48788,0.52709,11.89063,0.78387,24,1,0.48147,0.53013,1,0.36042,0.24815,0,,0.43357,0.52630,1,0.52938,0.53395,1,0.42883,0.53220,16.09577,0.96366,1,0.81596,0.56141,18.73233,0.97126,1,0,0.00000,12,3.69173,1,4.38491,1,0.00000,0,0.00000,0,0.00000,0,1,1,0,0.00000,0,,0.00000,0.00000,
1,NewMedia0,763,12.68884,55545553213,0.48768,0.52621,11.89063,0.79822,24,1,0.47985,0.51143,1,0.36042,0.24815,0,,0.42975,0.50627,1,0.52995,0.51659,1,0.42844,0.53211,15.51317,0.97908,1,0.81581,0.56113,18.56549,0.98668,1,0,0.00000,12,3.62680,1,4.41604,1,0.00000,0,0.00000,0,0.00000,0,1,1,0,0.00000,0,,0.00000,0.00000,
1,NewMedia0,764,12.70502,55545715124,0.48826,0.52452,11.89063,0.81439,24,1,0.49849,0.48737,1,0.36042,0.24815,0,,0.48853,0.46636,1,0.50845,0.50839,1,0.42842,0.53234,15.59190,0.98668,1,0.81547,0.56095,18.75141,0.98668,1,0,0.00000,12,3.66031,1,4.36044,1,0.00000,0,0.00000,0,0.00000,0,1,1,0,0.00000,0,,0.00000,0.00000,
1,NewMedia0,765,12.72156,55545880416,0.48810,0.52387,11.89063,0.83093,24,1,0.48723,0.52957,1,0.36042,0.24815,0,,0.47540,0.56462,1,0.49907,0.49451,1,0.42818,0.53194,15.74515,0.98668,1,0.81544,0.56081,18.82236,0.98668,1,0,0.00000,12,3.75469,1,4.37286,1,0.00000,0,0.00000,0,0.00000,0,1,1,0,0.00000,0,,0.00000,0.00000,
1,NewMedia0,766,12.73792,55546044282,0.48796,0.52342,11.89063,0.84729,24,1,0.48723,0.52957,1,0.36042,0.24815,0,,0.47540,0.56462,1,0.49907,0.49451,1,0.42816,0.53203,16.15578,0.98668,1,0.81521,0.56070,18.73224,0.98668,1,0,0.00000,12,3.59717,1,4.42314,1,0.00000,0,0.00000,0,0.00000,0,1,1,0,0.00000,0,,0.00000,0.00000,
1,NewMedia0,767,12.75732,55546237950,0.48801,0.52391,11.89063,0.86670,24,1,0.49822,0.53256,1,0.36042,0.24815,0,,0.45962,0.57051,1,0.53682,0.49462,1,0.42792,0.53139,16.08937,0.98668,1,0.81517,0.56064,18.76335,0.98668,1,0,0.00000,11,3.54446,1,4.40478,1,0.00000,0,0.00000,0,0.00000,0,1,1,0,0.00000,0,,0.00000,0.00000,
1,NewMedia0,768,12.78253,55546489916,0.48828,0.52454,11.89063,0.89191,24,1,0.48889,0.51643,1,0.36042,0.24815,0,,0.43904,0.54063,1,0.53874,0.49222,1,0.42774,0.53160,15.92450,0.98668,1,0.81504,0.56054,18.80831,0.98668,1,0,0.00000,11,3.59417,1,4.33172,1,0.00000,0,0.00000,0,0.00000,0,1,1,0,0.00000,0,,0.00000,0.00000,
1,NewMedia0,769,12.78851,55546549839,0.48856,0.52505,11.89063,0.89789,24,1,0.48824,0.50066,1,0.36042,0.24815,0,,0.43692,0.52942,1,0.53955,0.47189,1,0.42776,0.53148,15.73643,0.99561,1,0.81495,0.56055,18.67719,1.00430,1,0,0.00000,11,3.64273,1,4.37293,1,0.00000,0,0.00000,0,0.00000,0,1,1,0,0.00000,0,,0.00000,0.00000,
1,NewMedia0,770,12.80377,55546702668,0.48838,0.52465,11.89063,0.91315,24,1,0.46759,0.48922,1,0.36042,0.24815,0,,0.42735,0.53780,1,0.50783,0.44065,1,0.42743,0.53132,15.96224,1.01323,1,0.81469,0.56039,18.78113,1.02192,1,0,0.00000,11,3.63308,1,4.45944,1,0.00000,0,0.00000,0,0.00000,0,1,1,0,0.00000,0,,0.00000,0.00000,
1,NewMedia0,771,12.81995,55546864342,0.48682,0.52284,11.89063,0.92932,24,1,0.45408,0.40676,1,0.36042,0.24815,0,,0.40673,0.40892,1,0.50144,0.40460,1,0.42755,0.53177,16.16405,1.03085,1,0.81473,0.56042,18.81595,1.03954,1,0,0.00000,11,3.68217,1,4.42873,1,0.00000,0,0.00000,0,0.00000,0,1,1,0,0.00000,0,,0.00000,0.00000,
1,NewMedia0,772,12.83661,55547030886,0.48521,0.52057,11.89063,0.94598,24,1,0.45192,0.38479,1,0.36042,0.24815,0,,0.40227,0.38564,1,0.50158,0.38393,1,0.42758,0.53182,16.04104,1.04847,1,0.81473,0.56042,18.81595,1.05716,1,0,0.00000,11,3.70185,1,4.42907,1,0.00000,0,0.00000,0,0.00000,0,1,1,0,0.00000,0,,51.13428,162.21727,
1,NewMedia0,773,12.85272,55547192016,0.47756,0.48354,11.89063,0.94598,24,0,0.44748,0.38401,1,0.36042,0.24815,0,,0.39365,0.37748,1,0.50131,0.39053,1,0.42743,0.53207,16.36648,1.05716,1,0.81460,0.56051,19.04488,1.05716,1,0,0.00000,11,3.70201,1,4.43036,1,0.00000,0,0.00000,0,0.00000,0,1,1,0,0.00000,0,,0.00000,0.00000,
1,NewMedia0,774,12.89423,55547606954,0.47011,0.44307,11.89063,0.94598,24,0,0.46267,0.40260,1,0.36042,0.24815,0,,0.40437,0.38486,1,0.52097,0.42034,1,0.42758,0.53188,16.03926,1.05716,1,0.81455,0.56084,19.17466,1.05716,1,0,0.00000,11,3.72843,1,4.51106,1,0.00000,0,0.00000,0,0.00000,0,1,1,0,0.00000,0,,0.00000,0.00000,
1,NewMedia0,775,12.89612,55547626299,0.46763,0.42958,11.89063,0.94598,24,0,0.46267,0.40260,1,0.36042,0.24815,0,,0.40437,0.38486,1,0.52097,0.42034,1,0.42760,0.53171,16.36603,1.05716,1,0.81469,0.56103,19.23050,1.05716,1,0,0.00000,11,3.67104,1,4.43141,1,0.00000,0,0.00000,0,0.00000,0,1,1,0,0.00000,0,,0.00000,0.00000,
1,NewMedia0,776,12.90228,55547687409,0.46607,0.42160,12.85272,0.04956,25,1,0.46139,0.39764,1,0.36042,0.24815,0,,0.41065,0.37713,1,0.51213,0.41815,1,0.42762,0.53165,16.45573,1.05716,1,0.81488,0.56121,19.24333,1.05716,1,0,0.00000,11,3.67791,1,4.43994,1,0.00000,0,0.00000,0,0.00000,0,1,1,0,0.00000,0,,0.00000,0.00000,
1,NewMedia0,777,12.91864,55547851399,0.46775,0.41703,12.85272,0.06592,25,1,0.47446,0.39876,1,0.36042,0.24815,0,,0.40975,0.37549,1,0.53918,0.42203,1,0.42752,0.53175,16.62635,1.05716,1,0.81496,0.56118,19.12932,1.05716,1,0,0.00000,11,3.66883,1,4.44658,1,0.00000,0,0.00000,0,0.00000,0,1,1,0,0.00000,0,,0.00000,0.00000,
1,NewMedia0,778,12.93488,55548013738,0.46915,0.41743,12.85272,0.08215,25,1,0.47616,0.41940,1,0.36042,0.24815,0,,0.41386,0.39762,1,0.53845,0.44118,1,0.42770,0.53158,16.28528,1.04042,1,0.81503,0.56113,18.98945,1.04042,1,0,0.00000,11,3.70595,1,4.44094,1,0.00000,0,0.00000,0,0.00000,0,1,1,0,0.00000,0,,0.00000,0.00000,
1,NewMedia0,779,12.95135,55548178650,0.47175,0.42385,12.85272,0.09863,25,1,0.48731,0.46238,1,0.36042,0.24815,0,,0.43589,0.46470,1,0.53874,0.46005,1,0.42765,0.53072,16.08230,1.02368,1,0.81505,0.56110,18.91084,1.02368,1,0,0.00000,11,3.62202,1,4.44635,1,0.00000,0,0.00000,0,0.00000,0,1,1,0,0.00000,0,,0.00000,0.00000,
1,NewMedia0,780,12.99817,55548646696,0.47296,0.42948,12.85272,0.14545,25,1,0.48147,0.46892,1,0.36042,0.24815,0,,0.42701,0.48055,1,0.53593,0.45730,1,0.42765,0.53072,16.08230,1.00693,1,0.81505,0.56113,18.89604,1.00693,1,0,0.00000,11,3.62199,1,4.44062,1,0.00000,0,0.00000,0,0.00000,0,1,1,0,0.00000,0,,0.00000,0.00000,
1,NewMedia0,782,13.00330,55548697786,0.47637,0.44593,12.85272,0.15057,25,1,0.49730,0.52061,1,0.36042,0.24815,0,,0.45779,0.50195,1,0.53681,0.53927,1,0.42790,0.53048,15.44859,0.96719,1,0.81507,0.55946,18.46159,0.94419,1,0,0.00000,11,3.69588,1,4.30869,1,0.00000,0,0.00000,0,0.00000,0,1,1,0,0.00000,0,,0.00000,0.00000,
1,NewMedia0,783,13.01727,55548837648,0.47858,0.46087,12.85272,0.16455,25,1,0.50077,0.61023,1,0.36042,0.24815,0,,0.47121,0.60858,1,0.53033,0.61188,1,0.42792,0.53049,15.52992,0.94419,1,0.81499,0.55961,18.72140,0.92118,1,0,0.00000,11,3.69438,1,4.28186,1,0.00000,0,0.00000,0,0.00000,0,1,1,0,0.00000,0,,0.00000,0.00000,
1,NewMedia0,784,13.03357,55549000507,0.48060,0.47557,12.85272,0.18085,25,1,0.50282,0.63726,1,0.36042,0.24815,0,,0.47624,0.63730,1,0.52940,0.63721,1,0.42824,0.53043,15.84529,0.92118,1,0.81506,0.55961,18.68431,0.89818,1,0,0.00000,11,3.64633,1,4.27918,1,0.00000,0,0.00000,0,0.00000,0,1,1,0,0.00000,0,,0.00000,0.00000,
1,NewMedia0,785,13.04980,55549162888,0.48333,0.48957,12.85272,0.19708,25,1,0.51607,0.65764,1,0.36042,0.24815,0,,0.49185,0.66001,1,0.54030,0.65527,1,0.42817,0.53050,15.90860,0.89818,1,0.81511,0.55970,19.18229,0.89818,1,0,0.00000,11,3.63027,1,4.21442,1,0.00000,0,0.00000,0,0.00000,0,1,1,0,0.00000,0,,0.00000,0.00000,
1,NewMedia0,786,13.06671,55549331713,0.48592,0.49989,12.85272,0.21399,25,1,0.51953,0.63400,1,0.36042,0.24815,0,,0.49131,0.64324,1,0.54776,0.62476,1,0.42825,0.53039,16.04580,0.89818,1,0.81506,0.55980,18.97036,0.89818,1,0,0.00000,11,3.63413,1,4.21645,1,0.00000,0,0.00000,0,0.00000,0,1,1,0,0.00000,0,,0.00000,0.00000,
1,NewMedia0,787,13.09772,55549642209,0.48819,0.50938,12.85272,0.24500,25,1,0.52005,0.64226,1,0.36042,0.24815,0,,0.49275,0.65205,1,0.54734,0.63247,1,0.42819,0.53033,16.00480,0.89128,1,0.81508,0.55982,18.98318,0.89128,1,0,0.00000,11,3.61883,1,4.23156,1,0.00000,0,0.00000,0,0.00000,0,1,1,0,0.00000,0,,13.37118,64.66549,
1,NewMedia0,788,13.11273,55549792276,0.49643,0.55054,12.85272,0.24500,25,0,0.49860,0.65219,1,0.36042,0.24815,0,,0.49932,0.67938,1,0.49787,0.62499,1,0.42828,0.53023,15.71332,0.88439,1,0.81498,0.55980,18.78136,0.88439,1,0,0.00000,11,3.62539,1,4.16942,1,0.00000,0,0.00000,0,0.00000,0,1,1,0,0.00000,0,,0.00000,0.00000,
1,NewMedia0,789,13.11755,55549840333,0.50487,0.59502,12.85272,0.24500,25,0,0.51332,0.63950,1,0.36042,0.24815,0,,0.49131,0.65021,1,0.53532,0.62879,1,0.42839,0.52992,15.66496,0.87750,1,0.81493,0.55977,18.73941,0.87750,1,0,0.00000,11,3.60395,1,4.20161,1,0.00000,0,0.00000,0,0.00000,0,1,1,0,0.00000,0,,0.00000,0.00000,
1,NewMedia0,790,13.13220,55549987169,0.50788,0.61265,12.85272,0.24500,25,0,0.51389,0.64790,1,0.36042,0.24815,0,,0.49279,0.65917,1,0.53499,0.63663,1,0.42827,0.53001,15.35343,0.87060,1,0.81483,0.55981,18.50695,0.87060,1,0,0.00000,11,3.61435,1,4.16452,1,0.00000,0,0.00000,0,0.00000,0,1,1,0,0.00000,0,,0.00000,0.00000,
1,NewMedia0,791,13.14844,55550149116,0.50726,0.62107,13.11273,0.03571,26,1,0.50541,0.64633,1,0.36042,0.24815,0,,0.48290,0.64026,1,0.52791,0.65240,1,0.42826,0.53023,15.40725,0.87060,1,0.81475,0.55971,18.59469,0.87060,1,0,0.00000,11,3.64723,1,4.10960,1,0.00000,0,0.00000,0,0.00000,0,1,1,0,0.00000,0,,0.00000,0.00000,
1,NewMedia0,792,13.16528,55550317390,0.50604,0.63391,13.11273,0.05255,26,1,0.50114,0.68528,1,0.36042,0.24815,0,,0.48658,0.69838,1,0.51570,0.67217,1,0.42825,0.53015,15.27083,0.87060,1,0.81464,0.55973,18.62634,0.87060,1,0,0.00000,11,3.67960,1,4.13993,1,0.00000,0,0.00000,0,0.00000,0,1,1,0,0.00000,0,,0.00000,0.00000,
1,NewMedia0,793,13.18170,55550482076,0.50512,0.64051,13.11273,0.06897,26,1,0.50056,0.67353,1,0.36042,0.24815,0,,0.48506,0.68974,1,0.51606,0.65731,1,0.42822,0.53010,15.34935,0.87750,1,0.81458,0.55957,18.60268,0.88421,1,0,0.00000,11,3.65679,1,4.13286,1,0.00000,0,0.00000,0,0.00000,0,1,1,0,0.00000,0,,0.00000,0.00000,
1,NewMedia0,794,13.20013,55550666268,0.50378,0.63845,13.11273,0.08740,26,1,0.49574,0.62604,1,0.36042,0.24815,0,,0.47500,0.64201,1,0.51648,0.61007,1,0.42813,0.53030,15.26223,0.89110,1,0.81464,0.55952,18.57177,0.89781,1,0,0.00000,11,3.68969,1,4.11091,1,0.00000,0,0.00000,0,0.00000,0,1,1,0,0.00000,0,,0.00000,0.00000,
1,NewMedia0,795,13.22162,55550880953,0.50287,0.63299,13.11273,0.10889,26,1,0.49644,0.59484,1,0.36042,0.24815,0,,0.47292,0.60085,1,0.51997,0.58882,1,0.42805,0.52985,15.40442,0.90470,1,0.81457,0.55964,18.49835,0.91141,1,0,0.00000,11,3.78964,1,4.13734,1,0.00000,0,0.00000,0,0.00000,0,1,1,0,0.00000,0,,0.00000,0.00000,
1,NewMedia0,796,13.23303,55550994926,0.50200,0.62690,13.11273,0.12030,26,1,0.49511,0.57819,1,0.36042,0.24815,0,,0.46985,0.58302,1,0.52037,0.57336,1,0.42820,0.53020,15.33347,0.91831,1,0.81457,0.55964,18.49835,0.92501,1,0,0.00000,11,3.65703,1,4.13913,1,0.00000,0,0.00000,0,0.00000,0,1,1,0,0.00000,0,,0.00000,0.00000,
1,NewMedia0,797,13.24725,55551137423,0.50180,0.62116,13.11273,0.13452,26,1,0.49994,0.56946,1,0.36042,0.24815,0,,0.48066,0.56220,1,0.51922,0.57672,1,0.42851,0.53038,14.95987,0.92501,1,0.81474,0.55973,18.51792,0.92501,1,0,0.00000,11,3.77016,1,4.10337,1,0.00000,0,0.00000,0,0.00000,0,1,1,0,0.00000,0,,0.00000,0.00000,
1,NewMedia0,798,13.26355,55551300564,0.50209,0.61650,13.11273,0.15082,26,1,0.50501,0.56985,1,0.36042,0.24815,0,,0.47129,0.57291,1,0.53872,0.56679,1,0.42847,0.53039,15.17599,0.92501,1,0.81480,0.55948,18.83547,0.92501,1,0,0.00000,11,3.76272,1,4.10904,1,0.00000,0,0.00000,0,0.00000,0,1,1,0,0.00000,0,,0.00000,0.00000,
1,NewMedia0,799,13.28040,55551468956,0.50233,0.61261,13.11273,0.16766,26,1,0.50501,0.56985,1,0.36042,0.24815,0,,0.47129,0.57291,1,0.53872,0.56679,1,0.42853,0.53041,15.06223,0.92501,1,0.81479,0.55968,18.67984,0.92501,1,0,0.00000,11,3.77097,1,4.09903,1,0.00000,0,0.00000,0,0.00000,0,1,1,0,0.00000,0,,0.00000,0.00000,
1,NewMedia0,800,13.32959,55551960706,0.50255,0.61175,13.11273,0.21686,26,1,0.50518,0.60152,1,0.36042,0.24815,0,,0.48026,0.61149,1,0.53009,0.59154,1,0.42873,0.53064,15.09121,0.92501,1,0.81478,0.55956,18.75738,0.92501,1,0,0.00000,11,3.83206,1,4.09398,1,0.00000,0,0.00000,0,0.00000,0,1,1,0,0.00000,0,,0.00000,0.00000,
1,NewMedia0,801,13.33392,55552003866,0.50184,0.61082,13.11273,0.22119,26,1,0.49262,0.59865,1,0.36042,0.24815,0,,0.46602,0.59311,1,0.51922,0.60419,1,0.42866,0.53072,15.08496,0.92501,1,0.81464,0.55973,18.62634,0.92501,1,0,0.00000,11,3.82461,1,4.14458,1,0.00000,0,0.00000,0,0.00000,0,1,1,0,0.00000,0,,0.00000,0.00000,
1,NewMedia0,802,13.33600,55552024961,0.50123,0.61001,13.11273,0.22327,26,1,0.49262,0.59865,1,0.36042,0.24815,0,,0.46602,0.59311,1,0.51922,0.60419,1,0.42833,0.53054,15.43536,0.92501,1,0.81461,0.55959,18.51939,0.92501,1,0,0.00000,11,3.70742,1,4.14331,1,0.00000,0,0.00000,0,0.00000,0,1,1,0,0.00000,0,,0.00000,0.00000,
1,NewMedia0,803,13.35175,55552182186,0.50039,0.61126,13.11273,0.23901,26,1,0.48776,0.63011,1,0.36042,0.24815,0,,0.46400,0.65606,1,0.51153,0.60416,1,0.42825,0.53085,15.22536,0.92501,1,0.81456,0.55958,18.43727,0.92501,1,0,0.00000,11,3.70413,1,4.17234,1,0.00000,0,0.00000,0,0.00000,0,1,1,0,0.00000,0,,0.00000,0.00000,
1,NewMedia0,804,13.36377,55552302464,0.49954,0.60845,13.11273,0.25104,26,1,0.48607,0.56344,1,0.36042,0.24815,0,,0.47084,0.54504,1,0.50131,0.58185,1,0.42797,0.53074,15.54372,0.92501,1,0.81454,0.55978,18.71153,0.92501,1,0,0.00000,11,3.74285,1,4.15983,1,0.00000,0,0.00000,0,0.00000,0,1,1,0,0.00000,0,,0.00000,0.00000,
1,NewMedia0,805,13.37854,55552450164,0.49875,0.60518,13.11273,0.26581,26,1,0.48527,0.54953,1,0.36042,0.24815,0,,0.46909,0.53455,1,0.50145,0.56452,1,0.42786,0.53106,15.45053,0.93283,1,0.81440,0.55994,18.71211,0.94043,1,0,0.00000,11,3.75371,1,4.14038,1,0.00000,0,0.00000,0,0.00000,0,1,1,0,0.00000,0,,0.00000,0.00000,
1,NewMedia0,806,13.39539,55552618542,0.49798,0.60229,13.11273,0.28265,26,1,0.48412,0.55034,1,0.36042,0.24815,0,,0.47145,0.60451,1,0.49679,0.49618,1,0.42786,0.53088,15.46289,0.94824,1,0.81444,0.55981,18.49953,0.95585,1,0,0.00000,11,3.76614,1,4.15844,1,0.00000,0,0.00000,0,0.00000,0,1,1,0,0.00000,0,,0.00000,0.00000,
1,NewMedia0,807,13.41925,55552857208,0.49715,0.59795,13.11273,0.30652,26,1,0.48127,0.51548,1,0.36042,0.24815,0,,0.46611,0.54673,1,0.49643,0.48424,1,0.42787,0.53085,15.35787,0.96366,1,0.81444,0.55981,18.49953,0.97126,1,0,0.00000,11,3.78162,1,4.15854,1,0.00000,0,0.00000,0,0.00000,0,1,1,0,0.00000,0,,97.19029,280.19540,
1,NewMedia0,808,13.44220,55553086678,0.49204,0.56779,13.11273,0.30652,26,0,0.47962,0.49654,1,0.36042,0.24815,0,,0.46274,0.52691,1,0.49649,0.46618,1,0.42785,0.53081,15.40707,0.97908,1,0.81425,0.55984,18.48447,0.98668,1,0,0.00000,11,3.75040,1,4.20829,1,0.00000,0,0.00000,0,0.00000,0,1,1,0,0.00000,0,,0.00000,0.00000,
1,NewMedia0,809,13.44733,55553138247,0.48623,0.52180,13.11273,0.30652,26,0,0.48041,0.47581,1,0.36042,0.24815,0,,0.45114,0.47373,1,0.50969,0.47789,1,0.42797,0.53095,15.62066,0.98668,1,0.81457,0.55993,18.51517,0.98668,1,0,0.00000,11,3.67735,1,4.24859,1,0.00000,0,0.00000,0,0.00000,0,1,1,0,0.00000,0,,0.00000,0.00000,
1,NewMedia0,810,13.46069,55553271575,0.48456,0.51242,13.11273,0.30652,26,0,0.48123,0.49367,1,0.36042,0.24815,0,,0.44450,0.51119,1,0.51795,0.47616,1,0.42800,0.53072,15.72575,0.98668,1,0.81476,0.56040,18.84560,0.98668,1,0,0.00000,11,3.65408,1,4.24412,1,0.00000,0,0.00000,0,0.00000,0,1,1,0,0.00000,0,,0.00000,0.00000,
1,NewMedia0,811,13.47723,55553437301,0.48390,0.51124,13.44220,0.03503,27,1,0.48194,0.50769,1,0.36042,0.24815,0,,0.44632,0.52125,1,0.51756,0.49412,1,0.42833,0.53056,15.32646,0.97887,1,0.81475,0.55979,18.29731,0.97126,1,0,0.00000,11,3.65663,1,4.27867,1,0.00000,0,0.00000,0,0.00000,0,1,1,0,0.00000,0,,0.00000,0.00000,
1,NewMedia0,812,13.49347,55553599313,0.48234,0.51624,13.44220,0.05127,27,1,0.47609,0.53623,1,0.36042,0.24815,0,,0.44635,0.55333,1,0.50584,0.51913,1,0.42831,0.53088,15.57789,0.96345,1,0.81507,0.56057,18.62914,0.95585,1,0,0.00000,11,3.64062,1,4.34544,1,0.00000,0,0.00000,0,0.00000,0,1,1,0,0.00000,0,,0.00000,0.00000,
1,NewMedia0,813,13.51178,55553782696,0.48123,0.52377,13.44220,0.06958,27,1,0.47566,0.56142,1,0.36042,0.24815,0,,0.45399,0.58240,1,0.49733,0.54043,1,0.42843,0.53114,15.53504,0.94804,1,0.81532,0.56079,18.78121,0.94043,1,0,0.00000,11,3.78118,1,4.35411,1,0.00000,0,0.00000,0,0.00000,0,1,1,0,0.00000,0,,0.00000,0.00000,
1,NewMedia0,814,13.55243,55554188913,0.48056,0.52912,13.44220,0.11023,27,1,0.47657,0.56124,1,0.36042,0.24815,0,,0.45577,0.59203,1,0.49738,0.53044,1,0.42851,0.53130,15.86039,0.94043,1,0.81539,0.56091,18.69304,0.94912,1,0,0.00000,11,3.73203,1,4.32703,1,0.00000,0,0.00000,0,0.00000,0,1,1,0,0.00000,0,,0.00000,0.00000,
1,NewMedia0,815,13.55438,55554208436,0.48278,0.53239,13.44220,0.11218,27,1,0.49828,0.55526,1,0.36042,0.24815,0,,0.47950,0.56335,1,0.51706,0.54716,1,0.42894,0.53138,15.98532,0.95693,1,0.81556,0.56093,18.77455,0.97323,1,0,0.00000,11,3.72733,1,4.34111,1,0.00000,0,0.00000,0,0.00000,0,1,1,0,0.00000,0,,0.00000,0.00000,
1,NewMedia0,816,13.56134,55554278265,0.48487,0.53476,13.44220,0.11914,27,1,0.50161,0.55374,1,0.36042,0.24815,0,,0.47830,0.59309,1,0.52492,0.51439,1,0.42893,0.53144,15.86889,0.98104,1,0.81563,0.56092,18.79873,0.99734,1,0,0.00000,11,3.72716,1,4.36671,1,0.00000,0,0.00000,0,0.00000,0,1,1,0,0.00000,0,,0.00000,0.00000,
1,NewMedia0,817,13.57587,55554423775,0.48632,0.53433,13.44220,0.13367,27,1,0.49940,0.53046,1,0.36042,0.24815,0,,0.47339,0.56373,1,0.52542,0.49719,1,0.42883,0.53152,16.14513,1.00515,1,0.81573,0.56114,18.83968,1.01275,1,0,0.00000,11,3.64764,1,4.42724,1,0.00000,0,0.00000,0,0.00000,0,1,1,0,0.00000,0,,0.00000,0.00000,
1,NewMedia0,818,13.59210,55554585983,0.48857,0.53258,13.44220,0.14990,27,1,0.51100,0.51504,1,0.36042,0.24815,0,,0.48675,0.50682,1,0.53526,0.52325,1,0.42904,0.53134,16.30936,1.01275,1,0.81587,0.56121,18.96777,1.00406,1,0,0.00000,11,3.69828,1,4.43260,1,0.00000,0,0.00000,0,0.00000,0,1,1,0,0.00000,0,,0.00000,0.00000,
1,NewMedia0,819,13.60846,55554749712,0.48947,0.53204,13.44220,0.16626,27,1,0.49943,0.52610,1,0.36042,0.24815,0,,0.44913,0.53379,1,0.54973,0.51841,1,0.42909,0.53177,16.30985,1.00406,1,0.81606,0.56128,19.16602,0.99537,1,0,0.00000,11,3.77456,1,4.39252,1,0.00000,0,0.00000,0,0.00000,0,1,1,0,0.00000,0,,0.00000,0.00000,
1,NewMedia0,820,13.62732,55554938033,0.49035,0.53308,13.44220,0.18512,27,1,0.50082,0.54559,1,0.36042,0.24815,0,,0.45284,0.55431,1,0.54880,0.53687,1,0.42922,0.53183,16.13785,0.98756,1,0.81609,0.56124,19.34547,0.97887,1,0,0.00000,11,3.79793,1,4.37928,1,0.00000,0,0.00000,0,0.00000,0,1,1,0,0.00000,0,,0.00000,0.00000,
1,NewMedia0,821,13.66339,55555298861,0.49027,0.53337,13.44220,0.22119,27,1,0.48929,0.53712,1,0.36042,0.24815,0,,0.46063,0.49491,1,0.51795,0.57933,1,0.42931,0.53201,16.21503,0.97106,1,0.81623,0.56155,19.26012,0.97106,1,0,0.00000,11,3.70260,1,4.42098,1,0.00000,0,0.00000,0,0.00000,0,1,1,0,0.00000,0,,0.00000,0.00000,
1,NewMedia0,822,13.66565,55555321574,0.48970,0.53673,13.44220,0.22345,27,1,0.48171,0.58373,1,0.36042,0.24815,0,,0.43379,0.59521,1,0.52963,0.57226,1,0.42960,0.53184,16.08085,0.96324,1,0.81636,0.56169,19.27616,0.96324,1,0,0.00000,11,3.74709,1,4.39753,1,0.00000,0,0.00000,0,0.00000,0,1,1,0,0.00000,0,,0.00000,0.00000,
1,NewMedia0,823,13.67676,55555432691,0.48924,0.54049,13.44220,0.23456,27,1,0.48239,0.59697,1,0.36042,0.24815,0,,0.43573,0.60481,1,0.52905,0.58914,1,0.42954,0.53178,16.14229,0.95543,1,0.81646,0.56165,19.25183,0.94783,1,0,0.00000,11,3.73476,1,4.41526,1,0.00000,0,0.00000,0,0.00000,0,1,1,0,0.00000,0,,0.00000,0.00000,
1,NewMedia0,824,13.69055,55555570639,0.48953,0.54473,13.44220,0.24835,27,1,0.49406,0.61251,1,0.36042,0.24815,0,,0.47862,0.62093,1,0.50951,0.60408,1,0.42996,0.53153,15.97952,0.94783,1,0.81675,0.56177,19.44214,0.94022,1,0,0.00000,11,3.70718,1,4.44286,1,0.00000,0,0.00000,0,0.00000,0,1,1,0,0.00000,0,,0.00000,0.00000,
1,NewMedia0,825,13.70715,55555736346,0.49007,0.54833,13.44220,0.26495,27,1,0.49925,0.60951,1,0.36042,0.24815,0,,0.48489,0.61074,1,0.51361,0.60828,1,0.43015,0.53149,16.20733,0.94022,1,0.81686,0.56167,19.24624,0.93262,1,0,0.00000,11,3.73514,1,4.47554,1,0.00000,0,0.00000,0,0.00000,0,1,1,0,0.00000,0,,0.00000,0.00000,
1,NewMedia0,826,13.72369,55555901800,0.49060,0.55155,13.44220,0.28149,27,1,0.50013,0.60954,1,0.36042,0.24815,0,,0.48646,0.62027,1,0.51380,0.59881,1,0.43038,0.53156,16.24574,0.93262,1,0.81691,0.56150,19.29404,0.94131,1,0,0.00000,11,3.75960,1,4.44617,1,0.00000,0,0.00000,0,0.00000,0,1,1,0,0.00000,0,,0.00000,0.00000,
1,NewMedia0,827,13.74664,55556131066,0.49148,0.55291,13.44220,0.30444,27,1,0.50827,0.57886,1,0.36042,0.24815,0,,0.48605,0.58750,1,0.53049,0.57022,1,0.43028,0.53111,16.26992,0.94131,1,0.81711,0.56123,19.44610,0.95760,1,0,0.00000,11,3.69274,1,4.43640,1,0.00000,0,0.00000,0,0.00000,0,1,1,0,0.00000,0,,0.00000,0.00000,
1,NewMedia0,828,13.78186,55556483308,0.49263,0.55277,13.44220,0.33966,27,1,0.51562,0.54997,1,0.36042,0.24815,0,,0.49649,0.53782,1,0.53475,0.56213,1,0.43022,0.53086,16.20943,0.95760,1,0.81721,0.56114,19.38409,0.97390,1,0,0.00000,11,3.79169,1,4.43920,1,0.00000,0,0.00000,0,0.00000,0,1,1,0,0.00000,0,,0.00000,0.00000,
1,NewMedia0,829,13.78558,55556520779,0.49359,0.55133,13.44220,0.34338,27,1,0.51382,0.52098,1,0.36042,0.24815,0,,0.49186,0.50623,1,0.53578,0.53573,1,0.43029,0.53106,16.19273,0.98171,1,0.81713,0.56082,19.30534,0.99801,1,0,0.00000,11,3.86221,1,4.58632,1,0.00000,0,0.00000,0,0.00000,0,1,1,0,0.00000,0,,0.00000,0.00000,
1,NewMedia0,830,13.78967,55556561847,0.49361,0.54835,13.44220,0.34747,27,1,0.49404,0.48277,1,0.36042,0.24815,0,,0.44038,0.47705,1,0.54770,0.48848,1,0.43044,0.53127,16.33609,1.00582,1,0.81715,0.56076,19.23457,1.00582,1,0,0.00000,11,3.71890,1,4.59428,1,0.00000,0,0.00000,0,0.00000,0,1,1,0,0.00000,0,,0.00000,0.00000,
1,NewMedia0,831,13.80585,55556723043,0.49324,0.54469,13.44220,0.36365,27,1,0.48480,0.46048,1,0.36042,0.24815,0,,0.40699,0.44627,1,0.56261,0.47469,1,0.43046,0.53037,16.49351,1.01363,1,0.81723,0.56101,19.14999,1.01363,1,0,0.00000,11,3.76350,1,4.56911,1,0.00000,0,0.00000,0,0.00000,0,1,1,0,0.00000,0,,0.00000,0.00000,
1,NewMedia0,832,13.82214,55556886355,0.49287,0.54113,13.44220,0.37994,27,1,0.48376,0.45588,1,0.36042,0.24815,0,,0.40497,0.43606,1,0.56255,0.47569,1,0.43063,0.53048,16.39152,1.02144,1,0.81727,0.56046,19.32095,1.01275,1,0,0.00000,11,3.67965,1,4.59944,1,0.00000,0,0.00000,0,0.00000,0,1,1,0,0.00000,0,,0.00000,0.00000,
1,NewMedia0,833,13.83929,55557058003,0.49223,0.53812,13.44220,0.39709,27,1,0.47641,0.46270,1,0.36042,0.24815,0,,0.43041,0.42896,1,0.52240,0.49644,1,0.43065,0.53098,16.48786,1.01275,1,0.81764,0.56135,19.24866,1.00406,1,0,0.00000,11,3.80584,1,4.48510,1,0.00000,0,0.00000,0,0.00000,0,1,1,0,0.00000,0,,0.00000,0.00000,
1,NewMedia0,834,13.88507,55557515490,0.49183,0.53637,13.44220,0.44287,27,1,0.48142,0.49106,1,0.36042,0.24815,0,,0.44115,0.47694,1,0.52169,0.50518,1,0.43063,0.53111,16.44199,1.00406,1,0.81771,0.56133,19.41308,0.99537,1,0,0.00000,11,3.85586,1,4.48055,1,0.00000,0,0.00000,0,0.00000,0,1,1,0,0.00000,0,,0.00000,0.00000,
1,NewMedia0,835,13.88696,55557534553,0.49152,0.53547,13.44220,0.44476,27,1,0.48309,0.51107,1,0.36042,0.24815,0,,0.44497,0.49837,1,0.52121,0.52377,1,0.43064,0.53115,16.41612,0.98756,1,0.81773,0.56136,19.40317,0.97887,1,0,0.00000,11,3.85395,1,4.48684,1,0.00000,0,0.00000,0,0.00000,0,1,1,0,0.00000,0,,0.00000,0.00000,
1,NewMedia0,836,13.88983,55557563444,0.49118,0.53495,13.44220,0.44763,27,1,0.48177,0.52037,1,0.36042,0.24815,0,,0.43098,0.47494,1,0.53256,0.56579,1,0.43078,0.53126,16.59434,0.97106,1,0.81777,0.56138,19.40547,0.97106,1,0,0.00000,11,3.82536,1,4.46742,1,0.00000,0,0.00000,0,0.00000,0,1,1,0,0.00000,0,,0.00000,0.00000,
1,NewMedia0,837,13.90442,55557709220,0.49165,0.53655,13.44220,0.46222,27,1,0.50509,0.58282,1,0.36042,0.24815,0,,0.47915,0.57580,1,0.53103,0.58984,1,0.43082,0.53148,16.57754,0.96324,1,0.81777,0.56138,19.40547,0.96324,1,0,0.00000,11,3.84171,1,4.46798,1,0.00000,0,0.00000,0,0.00000,0,1,1,0,0.00000,0,,0.00000,0.00000,
1,NewMedia0,838,13.92065,55557871258,0.49210,0.53833,13.44220,0.47845,27,1,0.50574,0.59195,1,0.36042,0.24815,0,,0.48076,0.58564,1,0.53072,0.59825,1,0.43098,0.53155,16.48446,0.95543,1,0.81777,0.56138,19.40547,0.95543,1,0,0.00000,11,3.86889,1,4.46991,1,0.00000,0,0.00000,0,0.00000,0,1,1,0,0.00000,0,,0.00000,0.00000,
1,NewMedia0,839,13.93701,55558034980,0.49282,0.53931,13.44220,0.49481,27,1,0.51500,0.56971,1,0.36042,0.24815,0,,0.50193,0.52689,1,0.52807,0.61253,1,0.43092,0.53170,16.56715,0.95543,1,0.81787,0.56155,19.36800,0.95543,1,0,0.00000,11,3.75203,1,4.54194,1,0.00000,0,0.00000,0,0.00000,0,1,1,0,0.00000,0,,0.00000,0.00000,
1,NewMedia0,840,13.96649,55558329539,0.49314,0.54043,13.44220,0.52429,27,1,0.50335,0.57627,1,0.36042,0.24815,0,,0.47332,0.52310,1,0.53338,0.62944,1,0.43099,0.53157,16.57806,0.95543,1,0.81787,0.56155,19.36800,0.95543,1,0,0.00000,11,3.76058,1,4.54275,1,0.00000,0,0.00000,0,0.00000,0,1,1,0,0.00000,0,,0.00000,0.00000,
1,NewMedia0,841,13.99945,55558659527,0.49344,0.54149,13.44220,0.55725,27,1,0.50335,0.57627,1,0.36042,0.24815,0,,0.47332,0.52310,1,0.53338,0.62944,1,0.43107,0.53177,16.47106,0.95543,1,0.81788,0.56167,19.37316,0.95543,1,0,0.00000,11,3.78433,1,4.52004,1,0.00000,0,0.00000,0,0.00000,0,1,1,0,0.00000,0,,0.00000,0.00000,
1,NewMedia0,842,14.00104,55558675242,0.49342,0.54087,13.44220,0.55884,27,1,0.49275,0.51985,1,0.36042,0.24815,0,,0.49182,0.55090,1,0.49367,0.48880,1,0.43107,0.53199,16.42308,0.95543,1,0.81806,0.56191,19.42647,0.95543,1,0,0.00000,11,3.76500,1,4.48610,1,0.00000,0,0.00000,0,0.00000,0,1,1,0,0.00000,0,,0.00000,0.00000,
1,NewMedia0,843,14.00610,55558726153,0.49355,0.54106,13.44220,0.56390,27,1,0.49827,0.54779,1,0.36042,0.24815,0,,0.49320,0.57483,1,0.50334,0.52075,1,0.43106,0.53190,16.41045,0.95543,1,0.81794,0.56200,19.66539,0.95543,1,0,0.00000,11,3.81730,1,4.47599,1,0.00000,0,0.00000,0,0.00000,0,1,1,0,0.00000,0,,0.00000,0.00000,
1,NewMedia0,844,14.01929,55558857955,0.49368,0.54136,13.44220,0.57709,27,1,0.49823,0.55217,1,0.36042,0.24815,0,,0.49320,0.57483,1,0.50326,0.52952,1,0.43117,0.53200,16.23733,0.95543,1,0.81798,0.56192,19.68547,0.94783,1,0,0.00000,11,3.79976,1,4.41679,1,0.00000,0,0.00000,0,0.00000,0,1,1,0,0.00000,0,,0.00000,0.00000,
1,NewMedia0,845,14.03558,55559020541,0.49333,0.54211,13.44220,0.59338,27,1,0.48034,0.56972,1,0.36042,0.24815,0,,0.45636,0.59810,1,0.50432,0.54134,1,0.43099,0.53202,16.19800,0.94783,1,0.81815,0.56207,19.41080,0.94022,1,0,0.00000,11,3.82447,1,4.45912,1,0.00000,0,0.00000,0,0.00000,0,1,1,0,0.00000,0,,0.00000,0.00000,
1,NewMedia0,846,14.05225,55559187563,0.49316,0.54299,13.44220,0.61005,27,1,0.48690,0.57663,1,0.36042,0.24815,0,,0.46300,0.60706,1,0.51079,0.54620,1,0.43112,0.53205,16.42734,0.94022,1,0.81812,0.56218,19.29998,0.93262,1,0,0.00000,11,3.74656,1,4.46057,1,0.00000,0,0.00000,0,0.00000,0,1,1,0,0.00000,0,,0.00000,0.00000,
1,NewMedia0,847,14.08112,55559475978,0.49303,0.54406,13.44220,0.63892,27,1,0.48769,0.58578,1,0.36042,0.24815,0,,0.46473,0.61659,1,0.51064,0.55498,1,0.43097,0.53207,16.54854,0.93262,1,0.81794,0.56153,18.87339,0.92501,1,0,0.00000,11,3.78008,1,4.41522,1,0.00000,0,0.00000,0,0.00000,0,1,1,0,0.00000,0,,58.73634,97.73991,
1,NewMedia0,848,14.11176,55559782126,0.49672,0.57037,13.44220,0.63892,27,0,0.48400,0.59553,1,0.36042,0.24815,0,,0.46124,0.63591,1,0.50675,0.55515,1,0.43138,0.53231,15.91662,0.92501,1,0.81790,0.56153,18.74302,0.92501,1,0,0.00000,11,3.77721,1,4.42611,1,0.00000,0,0.00000,0,0.00000,0,1,1,0,0.00000,0,,0.00000,0.00000,
1,NewMedia0,849,14.11328,55559797677,0.50223,0.57590,13.44220,0.63892,27,0,0.50773,0.58143,1,0.36042,0.24815,0,,0.48208,0.61582,1,0.53337,0.54704,1,0.43144,0.53222,16.16136,0.92501,1,0.81784,0.56162,18.75271,0.92501,1,0,0.00000,11,3.74555,1,4.45081,1,0.00000,0,0.00000,0,0.00000,0,1,1,0,0.00000,0,,0.00000,0.00000,
1,NewMedia0,850,14.11816,55559846429,0.50406,0.57774,13.44220,0.63892,27,0,0.50773,0.58143,1,0.36042,0.24815,0,,0.48208,0.61582,1,0.53337,0.54704,1,0.43155,0.53204,16.40131,0.92501,1,0.81780,0.56172,18.89982,0.92501,1,0,0.00000,11,3.68581,1,4.45262,1,0.00000,0,0.00000,0,0.00000,0,1,1,0,0.00000,0,,0.00000,0.00000,
1,NewMedia0,851,14.13422,55560006943,0.50543,0.58447,14.11176,0.02246,28,1,0.50956,0.60466,1,0.36042,0.24815,0,,0.49079,0.64435,1,0.52832,0.56497,1,0.43093,0.53232,15.99564,0.92501,1,0.81792,0.56214,19.05165,0.92501,1,0,0.00000,11,3.75371,1,4.45710,1,0.00000,0,0.00000,0,0.00000,0,1,1,0,0.00000,0,,0.00000,0.00000,
1,NewMedia0,852,14.15076,55560172200,0.50575,0.58913,14.11176,0.03900,28,1,0.50702,0.60778,1,0.36042,0.24815,0,,0.48968,0.62933,1,0.52435,0.58623,1,0.43083,0.53252,16.34394,0.92501,1,0.81800,0.56220,19.05392,0.92501,1,0,0.00000,11,3.71768,1,4.47554,1,0.00000,0,0.00000,0,0.00000,0,1,1,0,0.00000,0,,0.00000,0.00000,
1,NewMedia0,853,14.17383,55560402957,0.50601,0.59071,14.11176,0.06207,28,1,0.50730,0.59862,1,0.36042,0.24815,0,,0.48968,0.62933,1,0.52491,0.56791,1,0.43085,0.53245,16.12824,0.92501,1,0.81783,0.56261,19.28197,0.94131,1,0,0.00000,11,3.72680,1,4.44910,1,0.00000,0,0.00000,0,0.00000,0,1,1,0,0.00000,0,,0.00000,0.00000,
1,NewMedia0,854,14.19122,55560577332,0.50655,0.58852,14.11176,0.07947,28,1,0.50982,0.57537,1,0.36042,0.24815,0,,0.49796,0.63069,1,0.52167,0.52004,1,0.43089,0.53254,16.40553,0.94131,1,0.81775,0.56299,19.46123,0.95760,1,0,0.00000,11,3.61521,1,4.40094,1,0.00000,0,0.00000,0,0.00000,0,1,1,0,0.00000,0,,0.00000,0.00000,
1,NewMedia0,855,14.22522,55560916798,0.50603,0.58519,14.11176,0.11346,28,1,0.50234,0.56183,1,0.36042,0.24815,0,,0.49049,0.62222,1,0.51419,0.50144,1,0.43081,0.53250,16.29141,0.95760,1,0.81779,0.56301,19.47068,0.97390,1,0,0.00000,11,3.70401,1,4.40950,1,0.00000,0,0.00000,0,0.00000,0,1,1,0,0.00000,0,,0.00000,0.00000,
1,NewMedia0,857,14.23352,55560999810,0.50402,0.57037,14.11176,0.12177,28,1,0.49110,0.47969,1,0.36042,0.24815,0,,0.46906,0.47523,1,0.51314,0.48416,1,0.43075,0.53240,16.26483,0.99019,1,0.81777,0.56301,19.43888,0.99019,1,0,0.00000,11,3.69240,1,4.44011,1,0.00000,0,0.00000,0,0.00000,0,1,1,0,0.00000,0,,0.00000,0.00000,
1,NewMedia0,858,14.24927,55561157610,0.50338,0.56127,14.11176,0.13751,28,1,0.49691,0.47026,1,0.36042,0.24815,0,,0.47885,0.45886,1,0.51498,0.48166,1,0.43085,0.53242,16.19747,0.99019,1,0.81781,0.56296,19.56888,0.99019,1,0,0.00000,11,3.73385,1,4.43109,1,0.00000,0,0.00000,0,0.00000,0,1,1,0,0.00000,0,,0.00000,0.00000,
1,NewMedia0,859,14.26556,55561320503,0.50284,0.55368,14.11176,0.15381,28,1,0.49691,0.47026,1,0.36042,0.24815,0,,0.47885,0.45886,1,0.51498,0.48166,1,0.43082,0.53251,16.31143,0.99019,1,0.81768,0.56285,19.35312,0.99019,1,0,0.00000,11,3.72220,1,4.54682,1,0.00000,0,0.00000,0,0.00000,0,1,1,0,0.00000,0,,0.00000,0.00000,
1,NewMedia0,860,14.30566,55561721624,0.50138,0.55071,14.11176,0.19391,28,1,0.48387,0.51504,1,0.36042,0.24815,0,,0.45461,0.54593,1,0.51314,0.48416,1,0.43071,0.53248,16.37988,0.99019,1,0.81773,0.56282,19.45775,0.99019,1,0,0.00000,11,3.68096,1,4.53184,1,0.00000,0,0.00000,0,0.00000,0,1,1,0,0.00000,0,,0.00000,0.00000,
1,NewMedia0,861,14.33844,55562049356,0.49933,0.54727,14.11176,0.22668,28,1,0.47271,0.50257,1,0.36042,0.24815,0,,0.43045,0.52348,1,0.51498,0.48166,1,0.43079,0.53255,16.36768,0.99019,1,0.81765,0.56298,19.55038,0.99019,1,0,0.00000,11,3.72551,1,4.52861,1,0.00000,0,0.00000,0,0.00000,0,1,1,0,0.00000,0,,0.00000,0.00000,
1,NewMedia0,863,14.34381,55562103084,0.49658,0.54007,14.11176,0.23206,28,1,0.48199,0.47674,1,0.36042,0.24815,0,,0.42887,0.41345,1,0.53510,0.54004,1,0.43093,0.53263,16.25129,0.99019,1,0.81786,0.56320,19.72983,0.99019,1,0,0.00000,11,3.74739,1,4.46163,1,0.00000,0,0.00000,0,0.00000,0,1,1,0,0.00000,0,,0.00000,0.00000,
1,NewMedia0,864,14.34827,55562147575,0.49527,0.53772,14.11176,0.23651,28,1,0.47425,0.50016,1,0.36042,0.24815,0,,0.41165,0.46411,1,0.53685,0.53622,1,0.43124,0.53333,16.53328,0.99019,1,0.81790,0.56324,19.67723,0.99019,1,0,0.00000,11,3.80820,1,4.46160,1,0.00000,0,0.00000,0,0.00000,0,1,1,0,0.00000,0,,8.08585,57.86625,
1,NewMedia0,865,14.36432,55562307992,0.48813,0.50850,14.11176,0.23651,28,0,0.47406,0.50496,1,0.36042,0.24815,0,,0.41165,0.46411,1,0.53647,0.54581,1,0.43133,0.53301,16.22958,0.99019,1,0.81796,0.56330,19.64572,0.98150,1,0,0.00000,11,3.80176,1,4.49522,1,0.00000,0,0.00000,0,0.00000,0,1,1,0,0.00000,0,,0.00000,0.00000,
1,NewMedia0,866,14.39478,55562612463,0.47231,0.51398,14.11176,0.23651,28,0,0.45648,0.51946,1,0.36042,0.24815,0,,0.40491,0.46996,1,0.50805,0.56897,1,0.43136,0.53333,16.17941,0.98150,1,0.81807,0.56335,19.66873,0.97281,1,0,0.00000,11,3.73484,1,4.55903,1,0.00000,0,0.00000,0,0.00000,0,1,1,0,0.00000,0,,0.00000,0.00000,
1,NewMedia0,867,14.43323,55562997376,0.47115,0.52097,14.11176,0.23651,28,0,0.46884,0.53495,1,0.36042,0.24815,0,,0.42036,0.47832,1,0.51732,0.59157,1,0.43148,0.53351,16.22834,0.97281,1,0.81808,0.56346,19.60713,0.96412,1,0,0.00000,11,3.76391,1,4.58009,1,0.00000,0,0.00000,0,0.00000,0,1,1,0,0.00000,0,,0.00000,0.00000,
1,NewMedia0,868,14.43579,55563022580,0.47080,0.52809,14.36432,0.07147,29,1,0.46975,0.54947,1,0.36042,0.24815,0,,0.42259,0.48991,1,0.51690,0.60903,1,0.43164,0.53351,16.57155,0.96412,1,0.81822,0.56340,19.53539,0.94783,1,0,0.00000,11,3.75174,1,4.53532,1,0.00000,0,0.00000,0,0.00000,0,1,1,0,0.00000,0,,0.00000,0.00000,
1,NewMedia0,869,14.44421,55563107038,0.47533,0.52956,14.36432,0.07990,29,1,0.49345,0.53545,1,0.36042,0.24815,0,,0.45379,0.52324,1,0.53312,0.54767,1,0.43160,0.53370,16.61207,0.94783,1,0.81855,0.56373,19.78534,0.94022,1,0,0.00000,11,3.72094,1,4.54210,1,0.00000,0,0.00000,0,0.00000,0,1,1,0,0.00000,0,,0.00000,0.00000,
1,NewMedia0,870,14.44873,55563152185,0.47898,0.53663,14.36432,0.08441,29,1,0.49722,0.57198,1,0.36042,0.24815,0,,0.46056,0.58471,1,0.53388,0.55925,1,0.43171,0.53355,16.31478,0.94022,1,0.81857,0.56379,19.78848,0.93262,1,0,0.00000,11,3.73596,1,4.56474,1,0.00000,0,0.00000,0,0.00000,0,1,1,0,0.00000,0,,0.00000,0.00000,
1,NewMedia0,871,14.46283,55563292975,0.48161,0.54102,14.36432,0.09851,29,1,0.49736,0.56737,1,0.36042,0.24815,0,,0.46051,0.58444,1,0.53422,0.55030,1,0.43171,0.53357,16.40595,0.94043,1,0.81858,0.56382,19.59767,0.94043,1,0,0.00000,10,3.73479,1,4.56805,1,0.00000,0,0.00000,0,0.00000,0,1,1,0,0.00000,0,,0.00000,0.00000,
1,NewMedia0,872,14.47919,55563456576,0.47985,0.54202,14.36432,0.11487,29,1,0.46760,0.54897,1,0.36042,0.24815,0,,0.39017,0.55310,1,0.54503,0.54484,1,0.43179,0.53372,16.44968,0.94824,1,0.81862,0.56367,19.66139,0.95585,1,0,0.00000,10,3.78841,1,4.53397,1,0.00000,0,0.00000,0,0.00000,0,1,1,0,0.00000,0,,0.00000,0.00000,
1,NewMedia0,873,14.51093,55563774173,0.47610,0.53895,14.36432,0.14661,29,1,0.44607,0.51436,1,0.36042,0.24815,0,,0.38939,0.51813,1,0.50274,0.51059,1,0.43178,0.53380,16.38691,0.96366,1,0.81864,0.56374,19.66694,0.97126,1,0,0.00000,10,3.77899,1,4.55262,1,0.00000,0,0.00000,0,0.00000,0,1,1,0,0.00000,0,,0.00000,0.00000,
1,NewMedia0,874,14.51471,55563811667,0.47289,0.53411,14.36432,0.15039,29,1,0.44398,0.49057,1,0.36042,0.24815,0,,0.38497,0.49815,1,0.50299,0.48298,1,0.43218,0.53384,16.51440,0.97908,1,0.81864,0.56374,19.66694,0.99537,1,0,0.00000,10,3.81688,1,4.55734,1,0.00000,0,0.00000,0,0.00000,0,1,1,0,0.00000,0,,0.00000,0.00000,
1,NewMedia0,875,14.54681,55564133005,0.47044,0.53147,14.36432,0.18250,29,1,0.44594,0.50504,1,0.36042,0.24815,0,,0.38094,0.49774,1,0.51095,0.51235,1,0.43218,0.53403,16.61636,0.99537,1,0.81862,0.56367,19.66139,1.00406,1,0,0.00000,10,3.75520,1,4.53875,1,0.00000,0,0.00000,0,0.00000,0,1,1,0,0.00000,0,,0.00000,0.00000,
1,NewMedia0,876,14.55798,55564244619,0.46910,0.52908,14.36432,0.19366,29,1,0.45438,0.50281,1,0.36042,0.24815,0,,0.39738,0.49289,1,0.51137,0.51273,1,0.43215,0.53384,16.57954,1.00406,1,0.81870,0.56375,19.58086,1.01275,1,0,0.00000,10,3.73794,1,4.59251,1,0.00000,0,0.00000,0,0.00000,0,1,1,0,0.00000,0,,0.00000,0.00000,
1,NewMedia0,877,14.56476,55564312297,0.46788,0.52626,14.36432,0.20044,29,1,0.45329,0.49251,1,0.36042,0.24815,0,,0.39505,0.48184,1,0.51153,0.50319,1,0.43225,0.53383,16.64176,1.01275,1,0.81876,0.56378,19.48574,1.02144,1,0,0.00000,10,3.75185,1,4.62068,1,0.00000,0,0.00000,0,0.00000,0,1,1,0,0.00000,0,,0.00000,0.00000,
1,NewMedia0,878,14.57770,55564441955,0.46709,0.52118,14.36432,0.21338,29,1,0.45673,0.45510,1,0.36042,0.24815,0,,0.39407,0.48390,1,0.51939,0.42630,1,0.43223,0.53377,16.77826,1.02144,1,0.81891,0.56407,19.51269,1.02144,1,0,0.00000,10,3.71722,1,4.51113,1,0.00000,0,0.00000,0,0.00000,0,1,1,0,0.00000,0,,0.00000,0.00000,
1,NewMedia0,879,14.59424,55564607341,0.46708,0.51875,14.36432,0.22992,29,1,0.46691,0.48477,1,0.36042,0.24815,0,,0.40847,0.54011,1,0.52535,0.42943,1,0.43234,0.53400,16.42609,1.02144,1,0.81897,0.56421,19.40172,1.02144,1,0,0.00000,10,3.77559,1,4.52980,1,0.00000,0,0.00000,0,0.00000,0,1,1,0,0.00000,0,,0.00000,0.00000,
1,NewMedia0,880,14.61285,55564793626,0.46706,0.51663,14.36432,0.24854,29,1,0.46691,0.48477,1,0.36042,0.24815,0,,0.40847,0.54011,1,0.52535,0.42943,1,0.43250,0.53413,16.20985,1.02144,1,0.81897,0.56464,19.63693,1.02144,1,0,0.00000,10,3.82283,1,4.55361,1,0.00000,0,0.00000,0,0.00000,0,1,1,0,0.00000,0,,0.00000,0.00000,
1,NewMedia0,881,14.64124,55565077180,0.46743,0.51599,14.36432,0.27692,29,1,0.47328,0.50570,1,0.36042,0.24815,0,,0.41841,0.53483,1,0.52815,0.47658,1,0.43275,0.53430,16.06596,1.02144,1,0.81924,0.56484,19.45277,1.02144,1,0,0.00000,10,3.82003,1,4.55404,1,0.00000,0,0.00000,0,0.00000,0,1,1,0,0.00000,0,,0.00000,0.00000,
1,NewMedia0,882,14.66467,55565311537,0.46824,0.51567,14.36432,0.30035,29,1,0.48200,0.51032,1,0.36042,0.24815,0,,0.42480,0.55309,1,0.53920,0.46755,1,0.43280,0.53449,16.16514,1.02144,1,0.81929,0.56488,19.45028,1.02144,1,0,0.00000,10,3.70605,1,4.52764,1,0.00000,0,0.00000,0,0.00000,0,1,1,0,0.00000,0,,0.00000,0.00000,
1,NewMedia0,883,14.67145,55565379444,0.46895,0.51565,14.36432,0.30713,29,1,0.48181,0.51527,1,0.36042,0.24815,0,,0.42480,0.55309,1,0.53881,0.47744,1,0.43299,0.53444,15.86191,1.02144,1,0.81928,0.56513,19.57508,1.01275,1,0,0.00000,10,3.75371,1,4.46114,1,0.00000,0,0.00000,0,0.00000,0,1,1,0,0.00000,0,,0.00000,0.00000,
1,NewMedia0,884,14.67719,55565436448,0.46871,0.51606,14.36432,0.31287,29,1,0.46408,0.52388,1,0.36042,0.24815,0,,0.42523,0.50108,1,0.50293,0.54668,1,0.43309,0.53475,15.93848,1.01275,1,0.81926,0.56541,19.57488,1.00406,1,0,0.00000,10,3.68770,1,4.51230,1,0.00000,0,0.00000,0,0.00000,0,1,1,0,0.00000,0,,0.00000,0.00000,
1,NewMedia0,885,14.69281,55565593253,0.46852,0.51718,14.36432,0.32849,29,1,0.46461,0.53964,1,0.36042,0.24815,0,,0.42907,0.52057,1,0.50016,0.55871,1,0.43289,0.53517,16.35784,1.00406,1,0.81930,0.56550,19.53020,0.99537,1,0,0.00000,10,3.77990,1,4.55124,1,0.00000,0,0.00000,0,0.00000,0,1,1,0,0.00000,0,,0.00000,0.00000,
1,NewMedia0,886,14.70935,55565758571,0.46843,0.51908,14.36432,0.34503,29,1,0.46655,0.55878,1,0.36042,0.24815,0,,0.43306,0.54123,1,0.50004,0.57633,1,0.43298,0.53523,16.17880,0.98756,1,0.81932,0.56547,19.19836,0.97887,1,0,0.00000,10,3.73305,1,4.55017,1,0.00000,0,0.00000,0,0.00000,0,1,1,0,0.00000,0,,0.00000,0.00000,
1,NewMedia0,887,14.72784,55565943108,0.46882,0.51977,14.36432,0.36353,29,1,0.47755,0.53499,1,0.36042,0.24815,0,,0.43723,0.47816,1,0.51786,0.59183,1,0.43291,0.53567,16.14163,0.97106,1,0.81949,0.56575,19.24533,0.97106,1,0,0.00000,10,3.72806,1,4.45611,1,0.00000,0,0.00000,0,0.00000,0,1,1,0,0.00000,0,,0.00000,0.00000,
1,NewMedia0,888,14.75531,55566217807,0.46872,0.52143,14.36432,0.39099,29,1,0.46639,0.55962,1,0.36042,0.24815,0,,0.41328,0.51328,1,0.51950,0.60596,1,0.43305,0.53567,16.25392,0.96324,1,0.81952,0.56584,19.23446,0.96324,1,0,0.00000,10,3.83338,1,4.49007,1,0.00000,0,0.00000,0,0.00000,0,1,1,0,0.00000,0,,0.00000,0.00000,
1,NewMedia0,889,14.76770,55566341836,0.46863,0.52296,14.36432,0.40338,29,1,0.46639,0.55962,1,0.36042,0.24815,0,,0.41328,0.51328,1,0.51950,0.60596,1,0.43313,0.53604,16.04487,0.96324,1,0.81958,0.56565,19.06375,0.96324,1,0,0.00000,10,3.80783,1,4.45648,1,0.00000,0,0.00000,0,0.00000,0,1,1,0,0.00000,0,,0.00000,0.00000,
1,NewMedia0,890,14.78412,55566506299,0.46934,0.52402,14.36432,0.41980,29,1,0.48720,0.55064,1,0.36042,0.24815,0,,0.43063,0.50323,1,0.54378,0.59805,1,0.43330,0.53614,15.96994,0.97106,1,0.81988,0.56582,18.88456,0.97106,1,0,0.00000,10,3.70983,1,4.44703,1,0.00000,0,0.00000,0,0.00000,0,1,1,0,0.00000,0,,0.00000,0.00000,
1,NewMedia0,891,14.79175,55566582177,0.46989,0.52519,14.36432,0.42743,29,1,0.48410,0.55565,1,0.36042,0.24815,0,,0.41017,0.52767,1,0.55804,0.58362,1,0.43349,0.53610,15.79707,0.97887,1,0.82026,0.56600,18.82463,0.97887,1,0,0.00000,10,3.73927,1,4.41717,1,0.00000,0,0.00000,0,0.00000,0,1,1,0,0.00000,0,,0.00000,0.00000,
1,NewMedia0,892,14.80780,55566742849,0.47037,0.52595,14.36432,0.44348,29,1,0.48333,0.54649,1,0.36042,0.24815,0,,0.40810,0.51774,1,0.55855,0.57525,1,0.43369,0.53587,15.82447,0.98668,1,0.82001,0.56525,18.74054,0.98668,1,0,0.00000,10,3.73675,1,4.37221,1,0.00000,0,0.00000,0,0.00000,0,1,1,0,0.00000,0,,0.00000,0.00000,
1,NewMedia0,893,14.86755,55567340157,0.47043,0.52396,14.36432,0.50323,29,1,0.47222,0.46823,1,0.36042,0.24815,0,,0.43833,0.49743,1,0.50611,0.43904,1,0.43414,0.53581,15.87301,0.98668,1,0.82061,0.56588,18.64968,0.98668,1,0,0.00000,10,3.70609,1,4.45329,1,0.00000,0,0.00000,0,0.00000,0,1,1,0,0.00000,0,,0.00000,0.00000,
1,NewMedia0,894,14.87079,55567372873,0.47019,0.52284,14.36432,0.50647,29,1,0.46319,0.49032,1,0.36042,0.24815,0,,0.39876,0.52275,1,0.52762,0.45790,1,0.43413,0.53617,16.26050,0.98668,1,0.82077,0.56598,18.64078,0.98668,1,0,0.00000,10,3.75448,1,4.48364,1,0.00000,0,0.00000,0,0.00000,0,1,1,0,0.00000,0,,0.00000,0.00000,
1,NewMedia0,895,14.87280,55567393018,0.47000,0.52210,14.36432,0.50848,29,1,0.46412,0.49990,1,0.36042,0.24815,0,,0.40089,0.53263,1,0.52735,0.46717,1,0.43463,0.53607,16.08812,0.97887,1,0.82104,0.56567,18.87862,0.97887,1,0,0.00000,10,3.71219,1,4.34131,1,0.00000,0,0.00000,0,0.00000,0,1,1,0,0.00000,0,,0.00000,0.00000,
1,NewMedia0,896,14.88593,55567524268,0.47075,0.52218,14.36432,0.52161,29,1,0.49409,0.52478,1,0.36042,0.24815,0,,0.42795,0.59613,1,0.56023,0.45342,1,0.43504,0.53572,15.71958,0.97106,1,0.82155,0.56623,18.79679,0.97106,1,0,0.00000,10,3.65834,1,4.36630,1,0.00000,0,0.00000,0,0.00000,0,1,1,0,0.00000,0,,0.00000,0.00000,
1,NewMedia0,897,14.89270,55567591703,0.47131,0.52252,14.36432,0.52838,29,1,0.48933,0.53328,1,0.36042,0.24815,0,,0.44734,0.57902,1,0.53133,0.48754,1,0.43537,0.53562,16.15305,0.96324,1,0.82170,0.56630,18.90356,0.96324,1,0,0.00000,10,3.70159,1,4.45504,1,0.00000,0,0.00000,0,0.00000,0,1,1,0,0.00000,0,,0.00000,0.00000,
1,NewMedia0,898,14.90643,55567729141,0.47184,0.52297,14.36432,0.54211,29,1,0.48918,0.53779,1,0.36042,0.24815,0,,0.44734,0.57902,1,0.53103,0.49655,1,0.43542,0.53547,16.27864,0.96324,1,0.82164,0.56616,18.93015,0.95564,1,0,0.00000,10,3.73311,1,4.43613,1,0.00000,0,0.00000,0,0.00000,0,1,1,0,0.00000,0,,0.00000,0.00000,
1,NewMedia0,899,14.92267,55567891485,0.47261,0.52518,14.36432,0.55835,29,1,0.49898,0.60039,1,0.36042,0.24815,0,,0.47884,0.59735,1,0.51913,0.60343,1,0.43513,0.53461,15.53865,0.96345,1,0.82091,0.56531,18.88282,0.95585,1,0,0.00000,10,3.59607,1,4.32619,1,0.00000,0,0.00000,0,0.00000,0,1,1,0,0.00000,0,,0.00000,0.00000,
1,NewMedia0,900,14.94775,55568142105,0.47250,0.52709,14.36432,0.58344,29,1,0.46852,0.59380,1,0.36042,0.24815,0,,0.41933,0.59403,1,0.51772,0.59357,1,0.43519,0.53479,16.22462,0.96366,1,0.82093,0.56526,19.04119,0.95606,1,0,0.00000,10,3.60146,1,4.33749,1,0.00000,0,0.00000,0,0.00000,0,1,1,0,0.00000,0,,0.00000,0.00000,
1,NewMedia0,901,14.98389,55568503551,0.47239,0.52877,14.36432,0.61957,29,1,0.46860,0.58946,1,0.36042,0.24815,0,,0.41928,0.59378,1,0.51792,0.58514,1,0.43527,0.53464,15.81384,0.96387,1,0.82099,0.56583,19.06022,0.96387,1,0,0.00000,10,3.67485,1,4.48397,1,0.00000,0,0.00000,0,0.00000,0,1,1,0,0.00000,0,,0.00000,0.00000,
1,NewMedia0,903,15.00043,55568669055,0.47158,0.52628,14.36432,0.63611,29,1,0.47013,0.47646,1,0.36042,0.24815,0,,0.44829,0.47730,1,0.49198,0.47563,1,0.43573,0.53532,16.22532,0.97147,1,0.82155,0.56633,18.88042,0.97908,1,0,0.00000,10,3.72210,1,4.43950,1,0.00000,0,0.00000,0,0.00000,0,1,1,0,0.00000,0,,0.00000,0.00000,
1,NewMedia0,904,15.00739,55568738933,0.47155,0.52515,14.36432,0.64307,29,1,0.47016,0.48117,1,0.36042,0.24815,0,,0.44834,0.47758,1,0.49198,0.48477,1,0.43579,0.53579,16.28480,0.97126,1,0.82152,0.56577,18.80898,0.97126,1,0,0.00000,10,3.64870,1,4.29118,1,0.00000,0,0.00000,0,0.00000,0,1,1,0,0.00000,0,,0.00000,0.00000,
1,NewMedia0,905,15.02148,55568879649,0.47127,0.52393,14.36432,0.65717,29,1,0.46004,0.47503,1,0.36042,0.24815,0,,0.42117,0.42727,1,0.49891,0.52279,1,0.43577,0.53585,16.35619,0.96345,1,0.82164,0.56598,18.70881,0.95585,1,0,0.00000,10,3.61625,1,4.31530,1,0.00000,0,0.00000,0,0.00000,0,1,1,0,0.00000,0,,0.00000,0.00000,
1,NewMedia0,906,15.03778,55569042531,0.47143,0.52315,14.36432,0.67346,29,1,0.47835,0.49109,1,0.36042,0.24815,0,,0.43490,0.46210,1,0.52180,0.52008,1,0.43620,0.53605,16.36504,0.94804,1,0.82202,0.56660,19.06929,0.94043,1,0,0.00000,10,3.70092,1,4.38833,1,0.00000,0,0.00000,0,0.00000,0,1,1,0,0.00000,0,,0.00000,0.00000,
1,NewMedia0,907,15.06854,55569350399,0.47164,0.52276,14.36432,0.70422,29,1,0.48016,0.50639,1,0.36042,0.24815,0,,0.43877,0.48352,1,0.52156,0.52927,1,0.43654,0.53614,16.28781,0.93262,1,0.82204,0.56605,18.71358,0.93262,1,0,0.00000,10,3.71430,1,4.33353,1,0.00000,0,0.00000,0,0.00000,0,1,1,0,0.00000,0,,0.00000,0.00000,
1,NewMedia0,908,15.07288,55569393378,0.47153,0.52250,14.36432,0.70856,29,1,0.46711,0.51132,1,0.36042,0.24815,0,,0.46936,0.49965,1,0.46486,0.52300,1,0.43667,0.53632,16.34980,0.93262,1,0.82257,0.56658,18.82728,0.94022,1,0,0.00000,10,3.71102,1,4.45077,1,0.00000,0,0.00000,0,0.00000,0,1,1,0,0.00000,0,,0.00000,0.00000,
1,NewMedia0,909,15.09991,55569664171,0.47127,0.52159,14.36432,0.73560,29,1,0.45963,0.48142,1,0.36042,0.24815,0,,0.44231,0.45312,1,0.47695,0.50972,1,0.43668,0.53614,16.38348,0.94022,1,0.82278,0.56697,19.05755,0.94783,1,0,0.00000,10,3.65064,1,4.34655,1,0.00000,0,0.00000,0,0.00000,0,1,1,0,0.00000,0,,0.00000,0.00000,
1,NewMedia0,910,15.10504,55569714972,0.47100,0.52060,14.36432,0.74072,29,1,0.45869,0.47605,1,0.36042,0.24815,0,,0.44044,0.44238,1,0.47695,0.50972,1,0.43688,0.53603,16.05923,0.94783,1,0.82279,0.56627,18.83485,0.94783,1,0,0.00000,10,3.62894,1,4.28556,1,0.00000,0,0.00000,0,0.00000,0,1,1,0,0.00000,0,,0.00000,0.00000,
1,NewMedia0,911,15.12091,55569874033,0.47139,0.51991,14.36432,0.75659,29,1,0.48970,0.48832,1,0.36042,0.24815,0,,0.47110,0.44563,1,0.50831,0.53101,1,0.43730,0.53620,15.95609,0.94783,1,0.82339,0.56687,19.00658,0.94022,1,0,0.00000,10,3.71754,1,4.38790,1,0.00000,0,0.00000,0,0.00000,0,1,1,0,0.00000,0,,0.00000,0.00000,
1,NewMedia0,912,15.13647,55570029816,0.47217,0.52022,14.36432,0.77216,29,1,0.50839,0.53483,1,0.36042,0.24815,0,,0.48849,0.51670,1,0.52829,0.55297,1,0.43741,0.53608,15.82672,0.94022,1,0.82349,0.56678,19.02656,0.93262,1,0,0.00000,10,3.75539,1,4.39037,1,0.00000,0,0.00000,0,0.00000,0,1,1,0,0.00000,0,,48.21115,156.91937,
1,NewMedia0,913,15.17493,55570414019,0.47455,0.49550,14.36432,0.77216,29,0,0.50916,0.53999,1,0.36042,0.24815,0,,0.49004,0.52701,1,0.52829,0.55297,1,0.43779,0.53613,16.11317,0.93262,1,0.82378,0.56707,18.83775,0.93262,1,0,0.00000,10,3.77345,1,4.40750,1,0.00000,0,0.00000,0,0.00000,0,1,1,0,0.00000,0,,0.00000,0.00000,
1,NewMedia0,914,15.17725,55570437333,0.46237,0.51739,14.36432,0.77216,29,0,0.45019,0.53929,1,0.36042,0.24815,0,,0.43103,0.50861,1,0.46936,0.56997,1,0.43796,0.53603,16.55298,0.93262,1,0.82410,0.56740,19.22949,0.94022,1,0,0.00000,10,3.75932,1,4.38480,1,0.00000,0,0.00000,0,0.00000,0,1,1,0,0.00000,0,,0.00000,0.00000,
1,NewMedia0,915,15.20483,55570713152,0.46582,0.52797,14.36432,0.77216,29,0,0.47273,0.54913,1,0.36042,0.24815,0,,0.45136,0.54509,1,0.49409,0.55318,1,0.43793,0.53590,16.57992,0.94022,1,0.82411,0.56742,19.22897,0.94783,1,0,0.00000,10,3.72895,1,4.38596,1,0.00000,0,0.00000,0,0.00000,0,1,1,0,0.00000,0,,0.00000,0.00000,
1,NewMedia0,916,15.22614,55570925946,0.46683,0.52583,15.17493,0.05121,30,1,0.46986,0.51941,1,0.36042,0.24815,0,,0.44558,0.51306,1,0.49413,0.52576,1,0.43821,0.53645,16.52070,0.96457,1,0.82434,0.56738,19.19286,0.97217,1,0,0.00000,10,3.71658,1,4.43349,1,0.00000,0,0.00000,0,0.00000,0,1,1,0,0.00000,0,,0.00000,0.00000,
1,NewMedia0,917,15.22919,55570956479,0.47042,0.51631,15.17493,0.05426,30,1,0.48475,0.47821,1,0.36042,0.24815,0,,0.45660,0.44088,1,0.51291,0.51554,1,0.43856,0.53628,16.21513,0.98891,1,0.82484,0.56749,19.02752,0.98891,1,0,0.00000,10,3.72717,1,4.47529,1,0.00000,0,0.00000,0,0.00000,0,1,1,0,0.00000,0,,0.00000,0.00000,
1,NewMedia0,918,15.23621,55571026611,0.47555,0.50387,15.17493,0.06128,30,1,0.50120,0.44170,1,0.36042,0.24815,0,,0.46346,0.39605,1,0.53893,0.48736,1,0.43870,0.53602,15.76492,1.00565,1,0.82500,0.56730,19.21322,1.00565,1,0,0.00000,10,3.88668,1,4.48341,1,0.00000,0,0.00000,0,0.00000,0,1,1,0,0.00000,0,,0.00000,0.00000,
1,NewMedia0,919,15.25140,55571179058,0.47921,0.49499,15.17493,0.07648,30,1,0.50120,0.44170,1,0.36042,0.24815,0,,0.46346,0.39605,1,0.53893,0.48736,1,0.43915,0.53635,16.36411,1.00565,1,0.82525,0.56736,19.29713,1.00565,1,0,0.00000,10,3.72524,1,4.45877,1,0.00000,0,0.00000,0,0.00000,0,1,1,0,0.00000,0,,0.00000,0.00000,
1,NewMedia0,920,15.28125,55571477597,0.47670,0.49128,15.17493,0.10632,30,1,0.45915,0.46533,1,0.36042,0.24815,0,,0.42162,0.41041,1,0.49668,0.52024,1,0.43937,0.53627,16.53025,0.98891,1,0.82568,0.56764,19.41486,0.98891,1,0,0.00000,10,3.62028,1,4.45941,1,0.00000,0,0.00000,0,0.00000,0,1,1,0,0.00000,0,,0.00000,0.00000,
1,NewMedia0,921,15.28510,55571516071,0.47690,0.49416,15.17493,0.11017,30,1,0.47851,0.51714,1,0.36042,0.24815,0,,0.44769,0.47679,1,0.50932,0.55749,1,0.43960,0.53589,16.50812,0.97217,1,0.82581,0.56736,19.47288,0.97217,1,0,0.00000,10,3.69986,1,4.47540,1,0.00000,0,0.00000,0,0.00000,0,1,1,0,0.00000,0,,0.00000,0.00000,
1,NewMedia0,922,15.31445,55571809512,0.47724,0.49850,15.17493,0.13953,30,1,0.48032,0.53755,1,0.36042,0.24815,0,,0.45160,0.49927,1,0.50903,0.57584,1,0.44000,0.53579,16.14174,0.95543,1,0.82624,0.56744,19.32964,0.95543,1,0,0.00000,10,3.77176,1,4.48224,1,0.00000,0,0.00000,0,0.00000,0,1,1,0,0.00000,0,,0.00000,0.00000,
1,NewMedia0,923,15.33197,55571984791,0.47813,0.49992,15.17493,0.15704,30,1,0.48703,0.51417,1,0.36042,0.24815,0,,0.46091,0.49439,1,0.51315,0.53395,1,0.44053,0.53601,16.44158,0.95543,1,0.82645,0.56732,19.37674,0.95543,1,0,0.00000,10,3.75877,1,4.52544,1,0.00000,0,0.00000,0,0.00000,0,1,1,0,0.00000,0,,0.00000,0.00000,
1,NewMedia0,924,15.33374,55572002013,0.47756,0.50066,15.17493,0.15881,30,1,0.47125,0.50881,1,0.36042,0.24815,0,,0.46494,0.49450,1,0.47757,0.52312,1,0.44051,0.53566,16.46449,0.95543,1,0.82663,0.56739,19.39619,0.95543,1,0,0.00000,10,3.79218,1,4.57763,1,0.00000,0,0.00000,0,0.00000,0,1,1,0,0.00000,0,,0.00000,0.00000,
1,NewMedia0,925,15.35004,55572165475,0.47700,0.50054,15.17493,0.17511,30,1,0.47033,0.49905,1,0.36042,0.24815,0,,0.46320,0.48394,1,0.47745,0.51417,1,0.44054,0.53531,16.79310,0.96324,1,0.82679,0.56718,19.38443,0.96324,1,0,0.00000,10,3.75383,1,4.56061,1,0.00000,0,0.00000,0,0.00000,0,1,1,0,0.00000,0,,0.00000,0.00000,
1,NewMedia0,926,15.40295,55572694134,0.47535,0.50258,15.17493,0.22803,30,1,0.45388,0.52919,1,0.36042,0.24815,0,,0.43182,0.55516,1,0.47594,0.50322,1,0.44047,0.53488,16.42944,0.97106,1,0.82688,0.56700,19.50469,0.97106,1,0,0.00000,10,3.72459,1,4.55349,1,0.00000,0,0.00000,0,0.00000,0,1,1,0,0.00000,0,,0.00000,0.00000,
1,NewMedia0,927,15.42883,55572953306,0.47401,0.50380,15.17493,0.25391,30,1,0.45515,0.52085,1,0.36042,0.24815,0,,0.43713,0.55296,1,0.47318,0.48875,1,0.44056,0.53500,16.32501,0.97887,1,0.82693,0.56692,19.61572,0.97887,1,0,0.00000,10,3.79073,1,4.56836,1,0.00000,0,0.00000,0,0.00000,0,1,1,0,0.00000,0,,0.00000,0.00000,
1,NewMedia0,928,15.43109,55572975486,0.47276,0.50428,15.17493,0.25616,30,1,0.45414,0.51146,1,0.36042,0.24815,0,,0.43525,0.54317,1,0.47303,0.47974,1,0.44051,0.53493,16.37035,0.98668,1,0.82688,0.56691,19.66155,0.98668,1,0,0.00000,10,3.75189,1,4.57644,1,0.00000,0,0.00000,0,0.00000,0,1,1,0,0.00000,0,,0.00000,0.00000,
1,NewMedia0,930,15.43878,55573052625,0.47039,0.50397,15.17493,0.26385,30,1,0.44772,0.49958,1,0.36042,0.24815,0,,0.42073,0.52488,1,0.47472,0.47428,1,0.44056,0.53487,16.26828,0.98668,1,0.82679,0.56681,19.64579,0.98668,1,0,0.00000,10,3.77920,1,4.62397,1,0.00000,0,0.00000,0,0.00000,0,1,1,0,0.00000,0,,0.00000,0.00000,
1,NewMedia0,931,15.45129,55573177594,0.46925,0.50424,15.17493,0.27637,30,1,0.44878,0.50906,1,0.36042,0.24815,0,,0.42271,0.53478,1,0.47486,0.48333,1,0.44054,0.53494,16.37491,0.97887,1,0.82676,0.56691,19.77965,0.97887,1,0,0.00000,10,3.76867,1,4.61341,1,0.00000,0,0.00000,0,0.00000,0,1,1,0,0.00000,0,,0.00000,0.00000,
1,NewMedia0,932,15.46497,55573314470,0.46988,0.50379,15.17493,0.29004,30,1,0.48176,0.49518,1,0.36042,0.24815,0,,0.45964,0.50695,1,0.50388,0.48341,1,0.44064,0.53545,16.76943,0.97106,1,0.82664,0.56695,19.82656,0.97106,1,0,0.00000,10,3.79067,1,4.65871,1,0.00000,0,0.00000,0,0.00000,0,1,1,0,0.00000,0,,0.00000,0.00000,
1,NewMedia0,933,15.49377,55573602338,0.47023,0.50395,15.17493,0.31885,30,1,0.47727,0.50716,1,0.36042,0.24815,0,,0.45667,0.50825,1,0.49788,0.50607,1,0.44063,0.53557,16.79584,0.96324,1,0.82658,0.56695,19.97057,0.96324,1,0,0.00000,10,3.83683,1,4.66419,1,0.00000,0,0.00000,0,0.00000,0,1,1,0,0.00000,0,,0.00000,0.00000,
1,NewMedia0,934,15.53497,55574014693,0.47059,0.50454,15.17493,0.36005,30,1,0.47814,0.51686,1,0.36042,0.24815,0,,0.45844,0.51860,1,0.49784,0.51512,1,0.44063,0.53553,16.77072,0.95543,1,0.82656,0.56696,19.92786,0.95543,1,0,0.00000,10,3.84175,1,4.66836,1,0.00000,0,0.00000,0,0.00000,0,1,1,0,0.00000,0,,0.00000,0.00000,
1,NewMedia0,935,15.55029,55574167618,0.47056,0.50554,15.17493,0.37537,30,1,0.47000,0.52760,1,0.36042,0.24815,0,,0.44343,0.53271,1,0.49657,0.52248,1,0.44026,0.53564,16.87297,0.95543,1,0.82655,0.56711,20.02433,0.95543,1,0,0.00000,10,3.85390,1,4.67708,1,0.00000,0,0.00000,0,0.00000,0,1,1,0,0.00000,0,,0.00000,0.00000,
1,NewMedia0,936,15.55328,55574197483,0.47064,0.50665,15.17493,0.37836,30,1,0.47247,0.53227,1,0.36042,0.24815,0,,0.44402,0.52934,1,0.50093,0.53521,1,0.44036,0.53561,17.11890,0.95543,1,0.82648,0.56732,20.22209,0.95543,1,0,0.00000,10,3.83415,1,4.69054,1,0.00000,0,0.00000,0,0.00000,0,1,1,0,0.00000,0,,0.00000,0.00000,
1,NewMedia0,937,15.55756,55574240419,0.47071,0.50785,15.17493,0.38263,30,1,0.47244,0.53660,1,0.36042,0.24815,0,,0.44402,0.52934,1,0.50086,0.54386,1,0.44031,0.53577,17.40791,0.95543,1,0.82651,0.56733,20.23864,0.94783,1,0,0.00000,10,3.77433,1,4.69394,1,0.00000,0,0.00000,0,0.00000,0,1,1,0,0.00000,0,,0.00000,0.00000,
1,NewMedia0,938,15.56372,55574302307,0.47108,0.51005,15.17493,0.38879,30,1,0.48015,0.56505,1,0.36042,0.24815,0,,0.45218,0.53986,1,0.50812,0.59025,1,0.44044,0.53599,17.17309,0.94783,1,0.82664,0.56761,20.22062,0.94022,1,0,0.00000,10,3.85246,1,4.68326,1,0.00000,0,0.00000,0,0.00000,0,1,1,0,0.00000,0,,0.00000,0.00000,
1,NewMedia0,939,15.58008,55574465422,0.47143,0.51251,15.17493,0.40515,30,1,0.48060,0.57643,1,0.36042,0.24815,0,,0.45578,0.54158,1,0.50543,0.61129,1,0.44033,0.53587,17.28588,0.94022,1,0.82661,0.56761,20.31627,0.93262,1,0,0.00000,10,3.89788,1,4.68206,1,0.00000,0,0.00000,0,0.00000,0,1,1,0,0.00000,0,,0.00000,0.00000,
1,NewMedia0,940,15.61292,55574794066,0.47179,0.51497,15.17493,0.43799,30,1,0.48149,0.58146,1,0.36042,0.24815,0,,0.45756,0.55163,1,0.50543,0.61129,1,0.44037,0.53582,17.18724,0.93262,1,0.82661,0.56756,20.37500,0.93262,1,0,0.00000,10,3.90387,1,4.67954,1,0.00000,0,0.00000,0,0.00000,0,1,1,0,0.00000,0,,0.00000,0.00000,
1,NewMedia0,941,15.61444,55574808970,0.47240,0.51745,15.17493,0.43951,30,1,0.48963,0.58672,1,0.36042,0.24815,0,,0.47269,0.58069,1,0.50657,0.59275,1,0.44036,0.53582,17.19460,0.93262,1,0.82666,0.56755,20.40359,0.94022,1,0,0.00000,10,3.89932,1,4.68729,1,0.00000,0,0.00000,0,0.00000,0,1,1,0,0.00000,0,,0.00000,0.00000,
1,NewMedia0,942,15.63623,55575027461,0.47282,0.51877,15.17493,0.46130,30,1,0.48498,0.55730,1,0.36042,0.24815,0,,0.46377,0.54571,1,0.50620,0.56889,1,0.44030,0.53572,17.21859,0.94022,1,0.82671,0.56759,20.38451,0.94783,1,0,0.00000,10,3.85784,1,4.70961,1,0.00000,0,0.00000,0,0.00000,0,1,1,0,0.00000,0,,2.00248,51.44601,
1,NewMedia0,943,15.66675,55575332102,0.47943,0.54422,15.17493,0.46130,30,0,0.48418,0.54806,1,0.36042,0.24815,0,,0.46205,0.53568,1,0.50631,0.56044,1,0.44035,0.53584,17.18475,0.94783,1,0.82669,0.56750,20.36896,0.95543,1,0,0.00000,10,3.89918,1,4.73351,1,0.00000,0,0.00000,0,0.00000,0,1,1,0,0.00000,0,,0.00000,0.00000,
1,NewMedia0,944,15.67261,55575390885,0.48116,0.53670,15.17493,0.46130,30,0,0.48289,0.52918,1,0.36042,0.24815,0,,0.45067,0.51774,1,0.51511,0.54062,1,0.44044,0.53579,17.24029,0.95543,1,0.82670,0.56744,20.29064,0.95543,1,0,0.00000,10,3.89822,1,4.75456,1,0.00000,0,0.00000,0,0.00000,0,1,1,0,0.00000,0,,0.00000,0.00000,
1,NewMedia0,945,15.67957,55575460687,0.48322,0.53723,15.17493,0.46130,30,0,0.48735,0.53827,1,0.36042,0.24815,0,,0.46318,0.52057,1,0.51152,0.55597,1,0.44051,0.53555,17.63523,0.95543,1,0.82668,0.56736,20.28694,0.95543,1,0,0.00000,10,3.89775,1,4.77377,1,0.00000,0,0.00000,0,0.00000,0,1,1,0,0.00000,0,,0.00000,0.00000,
1,NewMedia0,946,15.69501,55575614646,0.48423,0.53855,15.66675,0.02826,31,1,0.48727,0.54252,1,0.36042,0.24815,0,,0.46318,0.52057,1,0.51137,0.56446,1,0.44038,0.53517,17.75936,0.95543,1,0.82657,0.56734,20.37078,0.94783,1,0,0.00000,10,3.96867,1,4.75333,1,0.00000,0,0.00000,0,0.00000,0,1,1,0,0.00000,0,,0.00000,0.00000,
1,NewMedia0,947,15.73236,55575988361,0.48141,0.53948,15.66675,0.06561,31,1,0.47009,0.54318,1,0.36042,0.24815,0,,0.44181,0.53788,1,0.49837,0.54848,1,0.44024,0.53555,17.19906,0.94783,1,0.82645,0.56737,20.53301,0.94022,1,0,0.00000,10,3.97792,1,4.69838,1,0.00000,0,0.00000,0,0.00000,0,1,1,0,0.00000,0,,0.00000,0.00000,
1,NewMedia0,949,15.76190,55576283829,0.47763,0.54585,15.66675,0.09515,31,1,0.46866,0.56427,1,0.36042,0.24815,0,,0.44871,0.56675,1,0.48861,0.56179,1,0.44016,0.53569,17.39170,0.93262,1,0.82645,0.56726,20.36102,0.93262,1,0,0.00000,10,3.96612,1,4.70614,1,0.00000,0,0.00000,0,0.00000,0,1,1,0,0.00000,0,,0.00000,0.00000,
1,NewMedia0,950,15.77618,55576426404,0.47837,0.54753,15.66675,0.10944,31,1,0.48356,0.55926,1,0.36042,0.24815,0,,0.44371,0.56604,1,0.52340,0.55248,1,0.44026,0.53588,17.29817,0.93262,1,0.82627,0.56723,20.37934,0.94022,1,0,0.00000,10,3.93258,1,4.71395,1,0.00000,0,0.00000,0,0.00000,0,1,1,0,0.00000,0,,0.00000,0.00000,
1,NewMedia0,951,15.77747,55576439377,0.47872,0.55010,15.66675,0.11072,31,1,0.48149,0.57065,1,0.36042,0.24815,0,,0.44479,0.57958,1,0.51820,0.56172,1,0.44025,0.53580,17.19640,0.94022,1,0.82621,0.56738,20.54529,0.94783,1,0,0.00000,10,3.93752,1,4.73273,1,0.00000,0,0.00000,0,0.00000,0,1,1,0,0.00000,0,,0.00000,0.00000,
1,NewMedia0,952,15.79376,55576602601,0.47893,0.55075,15.66675,0.12701,31,1,0.48078,0.55665,1,0.36042,0.24815,0,,0.44293,0.56986,1,0.51863,0.54343,1,0.44031,0.53592,17.23367,0.94783,1,0.82617,0.56743,20.24264,0.96412,1,0,0.00000,10,3.94936,1,4.73281,1,0.00000,0,0.00000,0,0.00000,0,1,1,0,0.00000,0,,0.00000,0.00000,
1,NewMedia0,953,15.86377,55577302783,0.47790,0.54680,15.66675,0.19702,31,1,0.46762,0.50730,1,0.36042,0.24815,0,,0.42468,0.45632,1,0.51056,0.55829,1,0.44023,0.53608,17.00572,0.96412,1,0.82595,0.56771,20.30879,0.97281,1,0,0.00000,10,3.96057,1,4.73725,1,0.00000,0,0.00000,0,0.00000,0,1,1,0,0.00000,0,,0.00000,0.00000,
1,NewMedia0,954,15.86597,55577324768,0.47687,0.54221,15.66675,0.19922,31,1,0.46559,0.49173,1,0.36042,0.24815,0,,0.42047,0.43373,1,0.51070,0.54973,1,0.44014,0.53633,17.03950,0.98063,1,0.82589,0.56787,20.38890,0.98063,1,0,0.00000,10,3.95814,1,4.75566,1,0.00000,0,0.00000,0,0.00000,0,1,1,0,0.00000,0,,0.00000,0.00000,
1,NewMedia0,955,15.88745,55577539656,0.47682,0.53822,15.66675,0.22070,31,1,0.47623,0.49028,1,0.36042,0.24815,0,,0.45566,0.48051,1,0.49679,0.50005,1,0.44006,0.53666,16.82953,0.98844,1,0.82593,0.56847,20.68527,0.98844,1,0,0.00000,10,3.94700,1,4.69713,1,0.00000,0,0.00000,0,0.00000,0,1,1,0,0.00000,0,,0.00000,0.00000,
1,NewMedia0,956,15.88867,55577551602,0.47668,0.53493,15.66675,0.22192,31,1,0.47485,0.49221,1,0.36042,0.24815,0,,0.44988,0.46534,1,0.49982,0.51908,1,0.44003,0.53647,16.93509,0.99625,1,0.82591,0.56858,20.79202,0.98756,1,0,0.00000,10,3.95895,1,4.73713,1,0.00000,0,0.00000,0,0.00000,0,1,1,0,0.00000,0,,0.00000,0.00000,
1,NewMedia0,957,15.89423,55577606980,0.47667,0.53335,15.66675,0.22748,31,1,0.47655,0.51122,1,0.36042,0.24815,0,,0.45340,0.48595,1,0.49971,0.53649,1,0.43992,0.53662,16.91841,0.98067,1,0.82591,0.56868,20.63519,0.97198,1,0,0.00000,10,3.99330,1,4.74096,1,0.00000,0,0.00000,0,0.00000,0,1,1,0,0.00000,0,,0.00000,0.00000,
1,NewMedia0,958,15.90851,55577749707,0.47640,0.53247,15.66675,0.24176,31,1,0.47226,0.51925,1,0.36042,0.24815,0,,0.45710,0.55512,1,0.48743,0.48339,1,0.43995,0.53745,17.31597,0.95727,1,0.82575,0.56880,20.43495,0.95727,1,0,0.00000,10,3.94388,1,4.75842,1,0.00000,0,0.00000,0,0.00000,0,1,1,0,0.00000,0,,0.00000,0.00000,
1,NewMedia0,959,15.93414,55578006534,0.47458,0.53459,15.66675,0.26740,31,1,0.44557,0.56846,1,0.36042,0.24815,0,,0.41362,0.61093,1,0.47752,0.52599,1,0.43985,0.53739,17.14839,0.94256,1,0.82558,0.56893,20.54435,0.94256,1,0,0.00000,10,3.93138,1,4.75972,1,0.00000,0,0.00000,0,0.00000,0,1,1,0,0.00000,0,,0.00000,0.00000,
1,NewMedia0,960,15.96021,55578266926,0.47309,0.53745,15.66675,0.29346,31,1,0.44769,0.58606,1,0.36042,0.24815,0,,0.41762,0.62909,1,0.47775,0.54302,1,0.43966,0.53713,17.00359,0.92786,1,0.82563,0.56896,20.34072,0.92786,1,0,0.00000,10,3.94751,1,4.79347,1,0.00000,0,0.00000,0,0.00000,0,1,1,0,0.00000,0,,0.00000,0.00000,
1,NewMedia0,961,15.98828,55578547781,0.47385,0.53899,15.66675,0.32153,31,1,0.48751,0.56682,1,0.36042,0.24815,0,,0.44829,0.59457,1,0.52673,0.53908,1,0.43952,0.53756,16.96956,0.92786,1,0.82566,0.56897,20.37150,0.92786,1,0,0.00000,10,3.94338,1,4.77158,1,0.00000,0,0.00000,0,0.00000,0,1,1,0,0.00000,0,,0.00000,0.00000,
1,NewMedia0,962,16.00195,55578684659,0.47424,0.53856,15.66675,0.33521,31,1,0.48159,0.53044,1,0.36042,0.24815,0,,0.44201,0.50787,1,0.52117,0.55302,1,0.43956,0.53770,17.57446,0.92786,1,0.82564,0.56911,20.50965,0.92786,1,0,0.00000,10,3.91635,1,4.76584,1,0.00000,0,0.00000,0,0.00000,0,1,1,0,0.00000,0,,0.00000,0.00000,
1,NewMedia0,963,16.00305,55578695296,0.47455,0.53776,15.66675,0.33630,31,1,0.48083,0.52173,1,0.36042,0.24815,0,,0.44029,0.49842,1,0.52138,0.54505,1,0.43966,0.53806,17.02173,0.93475,1,0.82578,0.56918,20.46142,0.93475,1,0,0.00000,10,3.94906,1,4.71704,1,0.00000,0,0.00000,0,0.00000,0,1,1,0,0.00000,0,,0.00000,0.00000,
1,NewMedia0,964,16.00830,55578747952,0.47620,0.54099,15.66675,0.34155,31,1,0.51079,0.60874,1,0.36042,0.24815,0,,0.46964,0.62666,1,0.55195,0.59081,1,0.44029,0.53806,16.78876,0.94164,1,0.82653,0.56964,20.15471,0.94164,1,0,0.00000,10,3.92226,1,4.74263,1,0.00000,0,0.00000,0,0.00000,0,1,1,0,0.00000,0,,0.00000,0.00000,
1,NewMedia0,965,16.02362,55578901135,0.47692,0.54386,15.66675,0.35687,31,1,0.49290,0.60703,1,0.36042,0.24815,0,,0.47199,0.62923,1,0.51381,0.58483,1,0.44025,0.53804,16.65990,0.94854,1,0.82653,0.56956,20.21434,0.94854,1,0,0.00000,10,3.92622,1,4.74503,1,0.00000,0,0.00000,0,0.00000,0,1,1,0,0.00000,0,,0.00000,0.00000,
1,NewMedia0,966,16.05670,55579231730,0.47753,0.54578,15.66675,0.38995,31,1,0.49147,0.59000,1,0.36042,0.24815,0,,0.46881,0.61128,1,0.51414,0.56872,1,0.44070,0.53857,17.11334,0.96324,1,0.82697,0.56941,19.97099,0.96324,1,0,0.00000,10,3.92893,1,4.70948,1,0.00000,0,0.00000,0,0.00000,0,1,1,0,0.00000,0,,0.00000,0.00000,
1,NewMedia0,967,16.05847,55579249331,0.47821,0.54731,15.66675,0.39172,31,1,0.49452,0.58408,1,0.36042,0.24815,0,,0.45028,0.59619,1,0.53877,0.57197,1,0.44087,0.53839,17.18109,0.97106,1,0.82704,0.56974,20.02039,0.97106,1,0,0.00000,10,3.93871,1,4.69879,1,0.00000,0,0.00000,0,0.00000,0,1,1,0,0.00000,0,,0.00000,0.00000,
1,NewMedia0,968,16.09399,55579604637,0.47903,0.54668,15.66675,0.42725,31,1,0.49946,0.53071,1,0.36042,0.24815,0,,0.45320,0.52394,1,0.54572,0.53748,1,0.44110,0.53837,17.19066,0.97887,1,0.82709,0.56950,19.80959,0.97887,1,0,0.00000,10,3.92897,1,4.75186,1,0.00000,0,0.00000,0,0.00000,0,1,1,0,0.00000,0,,0.00000,0.00000,
1,NewMedia0,969,16.11493,55579813869,0.47976,0.54574,15.66675,0.44818,31,1,0.49879,0.52132,1,0.36042,0.24815,0,,0.45143,0.51389,1,0.54614,0.52875,1,0.44136,0.53818,16.98931,0.98668,1,0.82747,0.56960,19.89886,0.98668,1,0,0.00000,10,3.89709,1,4.78763,1,0.00000,0,0.00000,0,0.00000,0,1,1,0,0.00000,0,,0.00000,0.00000,
1,NewMedia0,970,16.11700,55579835166,0.48049,0.54334,15.66675,0.45026,31,1,0.50017,0.47865,1,0.36042,0.24815,0,,0.47905,0.45071,1,0.52128,0.50659,1,0.44158,0.53804,17.39302,0.98668,1,0.82759,0.56952,19.86748,0.98668,1,0,0.00000,10,3.90569,1,4.68518,1,0.00000,0,0.00000,0,0.00000,0,1,1,0,0.00000,0,,0.00000,0.00000,
1,NewMedia0,971,16.12231,55579887813,0.48181,0.54166,15.66675,0.45557,31,1,0.51872,0.49465,1,0.36042,0.24815,0,,0.49784,0.48139,1,0.53961,0.50791,1,0.44157,0.53801,17.49646,0.98668,1,0.82777,0.56944,20.18873,0.98668,1,0,0.00000,10,3.83652,1,4.69665,1,0.00000,0,0.00000,0,0.00000,0,1,1,0,0.00000,0,,0.00000,0.00000,
1,NewMedia0,972,16.17102,55580375214,0.48304,0.54009,15.66675,0.50427,31,1,0.51872,0.49465,1,0.36042,0.24815,0,,0.49784,0.48139,1,0.53961,0.50791,1,0.44190,0.53780,17.05252,0.98668,1,0.82795,0.56912,20.01147,0.98668,1,0,0.00000,10,3.87820,1,4.64757,1,0.00000,0,0.00000,0,0.00000,0,1,1,0,0.00000,0,,0.00000,0.00000,
1,NewMedia0,973,16.17242,55580389049,0.48338,0.53955,15.66675,0.50568,31,1,0.49383,0.52313,1,0.36042,0.24815,0,,0.44927,0.54643,1,0.53839,0.49983,1,0.44213,0.53759,17.54985,0.98668,1,0.82837,0.56918,19.66628,0.98668,1,0,0.00000,10,3.81897,1,4.67437,1,0.00000,0,0.00000,0,0.00000,0,1,1,0,0.00000,0,,0.00000,0.00000,
1,NewMedia0,974,16.19556,55580620722,0.48403,0.53849,15.66675,0.52881,31,1,0.50417,0.50565,1,0.36042,0.24815,0,,0.46721,0.50329,1,0.54112,0.50800,1,0.44231,0.53756,17.39981,0.98668,1,0.82843,0.56924,20.07580,0.98668,1,0,0.00000,10,3.87458,1,4.65903,1,0.00000,0,0.00000,0,0.00000,0,1,1,0,0.00000,0,,0.00000,0.00000,
1,NewMedia0,975,16.19757,55580640797,0.48466,0.53778,15.66675,0.53082,31,1,0.50481,0.51517,1,0.36042,0.24815,0,,0.46887,0.51346,1,0.54075,0.51688,1,0.44284,0.53681,16.45579,0.97887,1,0.82875,0.56907,20.06971,0.97887,1,0,0.00000,10,3.87486,1,4.63265,1,0.00000,0,0.00000,0,0.00000,0,1,1,0,0.00000,0,,0.00000,0.00000,
1,NewMedia0,976,16.21857,55580850384,0.48556,0.53709,15.66675,0.55182,31,1,0.51511,0.51441,1,0.36042,0.24815,0,,0.49383,0.52447,1,0.53640,0.50434,1,0.44299,0.53705,16.33734,0.97106,1,0.82904,0.56902,19.75923,0.97106,1,0,0.00000,10,3.86312,1,4.69640,1,0.00000,0,0.00000,0,0.00000,0,1,1,0,0.00000,0,,0.00000,0.00000,
1,NewMedia0,977,16.23151,55580979851,0.48562,0.53723,15.66675,0.56476,31,1,0.48752,0.54173,1,0.36042,0.24815,0,,0.43023,0.55136,1,0.54481,0.53210,1,0.44305,0.53732,16.76139,0.96324,1,0.82930,0.56893,19.77947,0.96324,1,0,0.00000,10,3.97927,1,4.67552,1,0.00000,0,0.00000,0,0.00000,0,1,1,0,0.00000,0,,0.00000,0.00000,
1,NewMedia0,978,16.23846,55581049771,0.48567,0.53735,15.66675,0.57172,31,1,0.48752,0.54173,1,0.36042,0.24815,0,,0.43023,0.55136,1,0.54481,0.53210,1,0.44347,0.53748,17.22389,0.96324,1,0.82943,0.56917,19.94193,0.96324,1,0,0.00000,10,3.82775,1,4.62621,1,0.00000,0,0.00000,0,0.00000,0,1,1,0,0.00000,0,,31.80197,320.87753,
1,NewMedia0,979,16.30792,55581743776,0.50227,0.51503,15.66675,0.57172,31,0,0.49840,0.51859,1,0.36042,0.24815,0,,0.45146,0.49046,1,0.54533,0.54671,1,0.44373,0.53750,17.46748,0.97106,1,0.82976,0.56940,19.78585,0.97106,1,0,0.00000,10,3.84429,1,4.71162,1,0.00000,0,0.00000,0,0.00000,0,1,1,0,0.00000,0,,0.00000,0.00000,
1,NewMedia0,981,16.31427,55581807510,0.50047,0.51556,15.66675,0.57172,31,0,0.50144,0.52261,1,0.36042,0.24815,0,,0.47389,0.45886,1,0.52899,0.58637,1,0.44391,0.53818,17.20804,0.98668,1,0.83037,0.56992,19.88560,0.98668,1,0,0.00000,10,3.82655,1,4.66047,1,0.00000,0,0.00000,0,0.00000,0,1,1,0,0.00000,0,,0.00000,0.00000,
1,NewMedia0,982,16.32819,55581946703,0.50073,0.51791,16.30792,0.02026,32,1,0.50149,0.52498,1,0.36042,0.24815,0,,0.47530,0.50567,1,0.52768,0.54428,1,0.44393,0.53815,17.15574,0.98668,1,0.83033,0.56992,19.85719,0.98668,1,0,0.00000,10,3.83545,1,4.64756,1,0.00000,0,0.00000,0,0.00000,0,1,1,0,0.00000,0,,0.00000,0.00000,
1,NewMedia0,983,16.33966,55582061158,0.50091,0.51837,16.30792,0.03174,32,1,0.50164,0.52021,1,0.36042,0.24815,0,,0.47530,0.50567,1,0.52798,0.53474,1,0.44426,0.53797,16.96799,0.98668,1,0.83035,0.56993,19.85958,0.99537,1,0,0.00000,10,3.87164,1,4.65362,1,0.00000,0,0.00000,0,0.00000,0,1,1,0,0.00000,0,,0.00000,0.00000,
1,NewMedia0,984,16.35382,55582203100,0.50101,0.51692,16.30792,0.04590,32,1,0.50149,0.50967,1,0.36042,0.24815,0,,0.45231,0.47158,1,0.55067,0.54776,1,0.44452,0.53791,16.62271,0.99537,1,0.83065,0.56995,19.87957,1.00406,1,0,0.00000,10,3.85600,1,4.65947,1,0.00000,0,0.00000,0,0.00000,0,1,1,0,0.00000,0,,0.00000,0.00000,
1,NewMedia0,985,16.43286,55582993627,0.50208,0.51638,16.30792,0.12494,32,1,0.50852,0.51313,1,0.36042,0.24815,0,,0.45501,0.49045,1,0.56202,0.53582,1,0.44461,0.53803,16.62897,1.00406,1,0.83077,0.56994,19.86854,1.01275,1,0,0.00000,10,3.85648,1,4.66719,1,0.00000,0,0.00000,0,0.00000,0,1,1,0,0.00000,0,,0.00000,0.00000,
1,NewMedia0,986,16.44080,55583073056,0.50281,0.51695,16.30792,0.13287,32,1,0.50790,0.52092,1,0.36042,0.24815,0,,0.45482,0.48932,1,0.56098,0.55253,1,0.44476,0.53799,17.09497,1.00494,1,0.83094,0.56980,19.97836,0.99734,1,0,0.00000,10,3.80487,1,4.66949,1,0.00000,0,0.00000,0,0.00000,0,1,1,0,0.00000,0,,0.00000,0.00000,
1,NewMedia0,988,16.45215,55583186213,0.50005,0.52234,16.30792,0.14423,32,1,0.49573,0.55419,1,0.36042,0.24815,0,,0.44551,0.53236,1,0.54595,0.57603,1,0.44487,0.53792,17.03064,0.96542,1,0.83106,0.56941,19.82306,0.94912,1,0,0.00000,10,3.77990,1,4.71085,1,0.00000,0,0.00000,0,0.00000,0,1,1,0,0.00000,0,,0.00000,0.00000,
1,NewMedia0,989,16.45367,55583201551,0.49981,0.52664,16.30792,0.14575,32,1,0.49742,0.56956,1,0.36042,0.24815,0,,0.44937,0.55345,1,0.54547,0.58568,1,0.44509,0.53752,17.19782,0.94912,1,0.83142,0.56946,19.90303,0.94043,1,0,0.00000,10,3.79108,1,4.73515,1,0.00000,0,0.00000,0,0.00000,0,1,1,0,0.00000,0,,0.00000,0.00000,
1,NewMedia0,990,16.45490,55583213810,0.49893,0.52917,16.30792,0.14697,32,1,0.48930,0.55699,1,0.36042,0.24815,0,,0.45261,0.54810,1,0.52599,0.56588,1,0.44548,0.53734,16.99416,0.94824,1,0.83164,0.56960,19.88704,0.95585,1,0,0.00000,10,3.81773,1,4.70941,1,0.00000,0,0.00000,0,0.00000,0,1,1,0,0.00000,0,,0.00000,0.00000,
1,NewMedia0,991,16.46722,55583337082,0.50034,0.53074,16.30792,0.15930,32,1,0.51718,0.54970,1,0.36042,0.24815,0,,0.49227,0.55688,1,0.54210,0.54252,1,0.44558,0.53730,16.86953,0.96366,1,0.83170,0.56949,20.02310,0.97127,1,0,0.00000,10,3.83904,1,4.71201,1,0.00000,0,0.00000,0,0.00000,0,1,1,0,0.00000,0,,0.00000,0.00000,
1,NewMedia0,992,16.48535,55583518289,0.50150,0.53145,16.30792,0.17743,32,1,0.51663,0.54057,1,0.36042,0.24815,0,,0.49078,0.54713,1,0.54248,0.53401,1,0.44570,0.53744,17.10277,0.97127,1,0.83189,0.56946,20.23570,0.97887,1,0,0.00000,10,3.90772,1,4.74179,1,0.00000,0,0.00000,0,0.00000,0,1,1,0,0.00000,0,,0.00000,0.00000,
1,NewMedia0,993,16.56122,55584277157,0.50128,0.53313,16.30792,0.25330,32,1,0.49824,0.55664,1,0.36042,0.24815,0,,0.47655,0.55350,1,0.51993,0.55979,1,0.44602,0.53703,16.99147,0.97106,1,0.83233,0.56930,19.83854,0.97106,1,0,0.00000,10,3.82577,1,4.69239,1,0.00000,0,0.00000,0,0.00000,0,1,1,0,0.00000,0,,0.00000,0.00000,
1,NewMedia0,994,16.56696,55584334684,0.50100,0.53724,16.30792,0.25903,32,1,0.49671,0.59894,1,0.36042,0.24815,0,,0.45670,0.63009,1,0.53671,0.56779,1,0.44599,0.53703,16.95921,0.96324,1,0.83240,0.56931,19.74232,0.96324,1,0,0.00000,10,3.82591,1,4.70867,1,0.00000,0,0.00000,0,0.00000,0,1,1,0,0.00000,0,,0.00000,0.00000,
1,NewMedia0,996,16.57184,55584383229,0.50261,0.54429,16.30792,0.26392,32,1,0.52158,0.60870,1,0.36042,0.24815,0,,0.48591,0.66084,1,0.55725,0.55655,1,0.44622,0.53662,16.35220,0.95543,1,0.83269,0.56921,19.90393,0.95543,1,0,0.00000,10,3.93127,1,4.77237,1,0.00000,0,0.00000,0,0.00000,0,1,1,0,0.00000,0,,0.00000,0.00000,
1,NewMedia0,997,16.58240,55584488533,0.50358,0.54720,16.30792,0.27448,32,1,0.52105,0.59968,1,0.36042,0.24815,0,,0.48433,0.65161,1,0.55777,0.54775,1,0.44665,0.53655,16.47248,0.96324,1,0.83276,0.56945,20.27229,0.96324,1,0,0.00000,10,3.91809,1,4.76393,1,0.00000,0,0.00000,0,0.00000,0,1,1,0,0.00000,0,,0.00000,0.00000,
1,NewMedia0,998,16.60919,55584756769,0.50338,0.54624,16.30792,0.30127,32,1,0.49969,0.52789,1,0.36042,0.24815,0,,0.48075,0.52038,1,0.51863,0.53540,1,0.44669,0.53718,17.24306,0.97106,1,0.83262,0.56934,20.14901,0.97106,1,0,0.00000,10,3.83398,1,4.80065,1,0.00000,0,0.00000,0,0.00000,0,1,1,0,0.00000,0,,0.00000,0.00000,
1,NewMedia0,999,16.63452,55585009781,0.50286,0.54624,16.30792,0.32660,32,1,0.49230,0.54625,1,0.36042,0.24815,0,,0.47746,0.54541,1,0.50715,0.54709,1,0.44665,0.53711,17.30050,0.97887,1,0.83268,0.56969,20.28155,0.97887,1,0,0.00000,10,3.80033,1,4.73155,1,0.00000,0,0.00000,0,0.00000,0,1,1,0,0.00000,0,,0.00000,0.00000,
1,NewMedia0,1000,16.66663,55585331317,0.50234,0.54582,16.30792,0.35870,32,1,0.49156,0.53700,1,0.36042,0.24815,0,,0.47585,0.53549,1,0.50727,0.53851,1,0.44657,0.53707,17.30799,0.98668,1,0.83262,0.56960,20.20941,0.98668,1,0,0.00000,10,3.79413,1,4.77740,1,0.00000,0,0.00000,0,0.00000,0,1,1,0,0.00000,0,,33.28802,344.04984,